#AT2019DSG                 20:57:02.974                  +14:12:15.86                2000.0   PA=0
0              20:56:51.15524185  +13:57:03.24378609  2000.0 19.76300048828125 R  10 0 1 90 10 10
1              20:57:33.0586249  +13:58:12.28255956  2000.0 19.34749984741211 R  10 0 1 90 10 10
2              20:56:32.82042789  +13:59:27.62548425  2000.0 21.05120086669922 R  10 0 1 90 10 10
3              20:56:32.82042789  +13:59:27.62548425  2000.0 21.080699920654297 R  10 0 1 90 10 10
4              20:57:37.77571548  +13:59:06.37921814  2000.0 20.12929916381836 R  10 0 1 90 10 10
5              20:57:37.77571548  +13:59:06.37921814  2000.0 20.192800521850586 R  10 0 1 90 10 10
6              20:57:15.071223  +14:00:05.49272075  2000.0 18.529600143432617 R  10 0 1 90 10 10
7              20:57:15.071223  +14:00:05.49272075  2000.0 18.568099975585938 R  10 0 1 90 10 10
8              20:57:33.65732588  +14:00:38.48356744  2000.0 20.26919937133789 R  10 0 1 90 10 10
9              20:57:33.65732588  +14:00:38.48356744  2000.0 20.314199447631836 R  10 0 1 90 10 10
10              20:57:40.10109986  +14:01:41.24361599  2000.0 20.74839973449707 R  10 0 1 90 10 10
11              20:56:47.48041472  +14:02:25.84629292  2000.0 17.502399444580078 R  10 0 1 90 10 10
12              20:57:34.78216689  +14:03:21.34173495  2000.0 20.963300704956055 R  10 0 1 90 10 10
13              20:57:21.96384019  +14:04:57.72236349  2000.0 19.6294002532959 R  10 0 1 90 10 10
14              20:57:32.19121519  +14:05:49.07947503  2000.0 18.43950080871582 R  10 0 1 90 10 10
15              20:57:32.67713033  +14:06:19.98071831  2000.0 16.81999969482422 R  10 0 1 90 10 10
16              20:57:47.8276549  +14:06:27.21340407  2000.0 20.669700622558594 R  10 0 1 90 10 10
17              20:57:06.73347674  +14:07:39.28631996  2000.0 19.813100814819336 R  10 0 1 90 10 10
18              20:56:09.08246055  +14:10:11.99578065  2000.0 18.572200775146484 R  10 0 1 90 10 10
19              20:57:32.29530953  +14:11:22.12245333  2000.0 20.427799224853516 R  10 0 1 90 10 10
20              20:57:26.59455252  +14:11:44.07110461  2000.0 19.87619972229004 R  10 0 1 90 10 10
21              20:57:26.18963488  +14:12:04.18609819  2000.0 19.31760025024414 R  10 0 1 90 10 10
22              20:56:16.0210331  +14:14:11.04019548  2000.0 20.19890022277832 R  10 0 1 90 10 10
23              20:57:30.72952977  +14:14:22.49900717  2000.0 20.41320037841797 R  10 0 1 90 10 10
24              20:57:30.83605583  +14:14:37.06476676  2000.0 18.337200164794922 R  10 0 1 90 10 10
25              20:57:31.28542982  +14:14:55.77384807  2000.0 20.097000122070312 R  10 0 1 90 10 10
26              20:57:31.53980799  +14:14:42.11273862  2000.0 20.19379997253418 R  10 0 1 90 10 10
27              20:57:47.1969148  +14:14:43.9356608  2000.0 20.280399322509766 R  10 0 1 90 10 10
28              20:56:28.67630391  +14:17:28.87744688  2000.0 20.232099533081055 R  10 0 1 90 10 10
29              20:57:25.58145151  +14:17:43.32547032  2000.0 19.91309928894043 R  10 0 1 90 10 10
30              20:57:53.43753336  +14:19:17.80984415  2000.0 19.812400817871094 R  10 0 1 90 10 10
31              20:56:31.15229997  +14:20:52.38807503  2000.0 18.339099884033203 R  10 0 1 90 10 10
32              20:57:54.88456241  +14:20:38.52532066  2000.0 18.811899185180664 R  10 0 1 90 10 10
33              20:57:15.77168298  +14:22:14.50854308  2000.0 20.433000564575195 R  10 0 1 90 10 10
34              20:57:24.74359167  +14:22:08.30415432  2000.0 19.934799194335938 R  10 0 1 90 10 10
35              20:57:30.1196145  +14:22:57.05799998  2000.0 20.45829963684082 R  10 0 1 90 10 10
36              20:56:35.11628046  +14:23:31.49760022  2000.0 20.572900772094727 R  10 0 1 90 10 10
37              20:56:35.11628046  +14:23:31.49760022  2000.0 20.596399307250977 R  10 0 1 90 10 10
38              20:57:17.33444453  +14:23:45.84214498  2000.0 19.045900344848633 R  10 0 1 90 10 10
39              20:57:17.33444453  +14:23:45.84214498  2000.0 19.046899795532227 R  10 0 1 90 10 10
40              20:57:41.05332842  +14:23:45.26002716  2000.0 19.745500564575195 R  10 0 1 90 10 10
41              20:57:41.05332842  +14:23:45.26002716  2000.0 19.742700576782227 R  10 0 1 90 10 10
42              20:57:43.73705099  +14:23:32.67449902  2000.0 20.451499938964844 R  10 0 1 90 10 10
43              20:57:43.73705099  +14:23:32.67449902  2000.0 20.44260025024414 R  10 0 1 90 10 10
44              20:56:42.96551499  +13:25:12.94587947  2000.0 19.66230010986328 R  5 0 1 90 10 10
45              20:56:42.96551499  +13:25:12.94587947  2000.0 19.642799377441406 R  5 0 1 90 10 10
46              20:56:41.29462091  +13:25:50.96914785  2000.0 20.82539939880371 R  5 0 1 90 10 10
47              20:57:08.2240788  +13:25:48.24275432  2000.0 19.27039909362793 R  5 0 1 90 10 10
48              20:57:27.40815416  +13:26:26.22302331  2000.0 19.967100143432617 R  5 0 1 90 10 10
49              20:57:40.50064039  +13:26:05.68343355  2000.0 13.530500411987305 R  5 0 1 90 10 10
50              20:57:44.45080932  +13:25:58.15746638  2000.0 19.196399688720703 R  5 0 1 90 10 10
51              20:56:25.93919843  +13:27:07.23450882  2000.0 19.01889991760254 R  5 0 1 90 10 10
52              20:56:28.83311353  +13:27:00.29283413  2000.0 20.02869987487793 R  5 0 1 90 10 10
53              20:57:42.72324073  +13:27:00.71311322  2000.0 19.905899047851562 R  5 0 1 90 10 10
54              20:56:57.64490895  +13:27:34.08885401  2000.0 18.211999893188477 R  5 0 1 90 10 10
55              20:55:45.07078999  +13:28:05.01137869  2000.0 20.249000549316406 R  5 0 1 90 10 10
56              20:55:37.2548384  +13:29:33.78881831  2000.0 18.703800201416016 R  5 0 1 90 10 10
57              20:57:11.70274064  +13:30:17.07214725  2000.0 20.14889907836914 R  5 0 1 90 10 10
58              20:57:40.10925174  +13:30:11.29356853  2000.0 19.46269989013672 R  5 0 1 90 10 10
59              20:57:40.80673062  +13:30:05.95511937  2000.0 16.88010025024414 R  5 0 1 90 10 10
60              20:58:05.34786831  +13:30:53.35288093  2000.0 19.206499099731445 R  5 0 1 90 10 10
61              20:58:05.4797098  +13:30:51.88876959  2000.0 19.288999557495117 R  5 0 1 90 10 10
62              20:58:05.70026306  +13:30:58.38688424  2000.0 19.309200286865234 R  5 0 1 90 10 10
63              20:58:06.4523074  +13:30:54.72451724  2000.0 18.42169952392578 R  5 0 1 90 10 10
64              20:56:50.24196756  +13:31:00.37451056  2000.0 20.506500244140625 R  5 0 1 90 10 10
65              20:57:09.25693421  +13:31:26.37862502  2000.0 18.794200897216797 R  5 0 1 90 10 10
66              20:57:10.38666864  +13:31:14.22396392  2000.0 19.25040054321289 R  5 0 1 90 10 10
67              20:58:05.91959895  +13:31:00.18969569  2000.0 19.81920051574707 R  5 0 1 90 10 10
68              20:58:50.19744137  +13:31:26.38190767  2000.0 19.526599884033203 R  5 0 1 90 10 10
69              20:57:08.25247853  +13:31:37.56935062  2000.0 19.45199966430664 R  5 0 1 90 10 10
70              20:57:21.07199766  +13:31:39.99032805  2000.0 20.63330078125 R  5 0 1 90 10 10
71              20:58:06.83077991  +13:31:29.76209241  2000.0 19.768400192260742 R  5 0 1 90 10 10
72              20:58:24.81033059  +13:31:51.25310329  2000.0 19.853599548339844 R  5 0 1 90 10 10
73              20:58:24.81033059  +13:31:51.25310329  2000.0 19.88759994506836 R  5 0 1 90 10 10
74              20:55:19.40567934  +13:32:06.50171297  2000.0 18.903900146484375 R  5 0 1 90 10 10
75              20:55:37.04353881  +13:32:28.24300114  2000.0 16.46940040588379 R  5 0 1 90 10 10
76              20:56:50.13116631  +13:32:21.39648859  2000.0 19.377500534057617 R  5 0 1 90 10 10
77              20:57:40.38982502  +13:32:28.3085495  2000.0 19.616300582885742 R  5 0 1 90 10 10
78              20:58:03.45033778  +13:32:06.04309525  2000.0 20.09749984741211 R  5 0 1 90 10 10
79              20:55:31.52810375  +13:32:39.59195658  2000.0 19.45039939880371 R  5 0 1 90 10 10
80              20:56:29.2460368  +13:32:38.90964562  2000.0 19.463899612426758 R  5 0 1 90 10 10
81              20:56:49.64139653  +13:32:46.07918861  2000.0 20.334800720214844 R  5 0 1 90 10 10
82              20:57:19.26861201  +13:32:54.48334644  2000.0 19.536500930786133 R  5 0 1 90 10 10
83              20:57:11.29143788  +13:33:54.80768366  2000.0 19.68400001525879 R  5 0 1 90 10 10
84              20:57:17.31871418  +13:33:46.56539104  2000.0 19.71430015563965 R  5 0 1 90 10 10
85              20:57:34.87951838  +13:33:50.38455591  2000.0 19.988800048828125 R  5 0 1 90 10 10
86              20:57:50.4652656  +13:33:43.76785201  2000.0 19.322900772094727 R  5 0 1 90 10 10
87              20:56:23.55391711  +13:34:07.66273316  2000.0 19.82229995727539 R  5 0 1 90 10 10
88              20:57:34.21812273  +13:34:01.10859359  2000.0 18.961700439453125 R  5 0 1 90 10 10
89              20:58:06.26120846  +13:34:20.50397158  2000.0 19.54360008239746 R  5 0 1 90 10 10
90              20:58:09.75539444  +13:34:10.58951792  2000.0 17.99370002746582 R  5 0 1 90 10 10
91              20:58:16.68856538  +13:34:19.81008065  2000.0 19.98740005493164 R  5 0 1 90 10 10
92              20:55:17.69261685  +13:34:52.79456044  2000.0 19.040199279785156 R  5 0 1 90 10 10
93              20:55:17.69261685  +13:34:52.79456044  2000.0 19.05699920654297 R  5 0 1 90 10 10
94              20:57:30.56171992  +13:34:49.04410167  2000.0 19.49090003967285 R  5 0 1 90 10 10
95              20:57:35.81476738  +13:34:50.40500006  2000.0 20.305500030517578 R  5 0 1 90 10 10
96              20:57:37.43336256  +13:34:53.18778574  2000.0 19.77079963684082 R  5 0 1 90 10 10
97              20:58:24.07627103  +13:34:48.42087796  2000.0 19.66360092163086 R  5 0 1 90 10 10
98              20:58:24.07627103  +13:34:48.42087796  2000.0 19.692800521850586 R  5 0 1 90 10 10
99              20:55:06.15315439  +13:35:04.3725104  2000.0 19.677600860595703 R  5 0 1 90 10 10
100              20:55:06.15315439  +13:35:04.3725104  2000.0 19.660999298095703 R  5 0 1 90 10 10
101              20:55:06.15315439  +13:35:04.3725104  2000.0 19.680700302124023 R  5 0 1 90 10 10
102              20:55:06.15315439  +13:35:04.3725104  2000.0 19.67530059814453 R  5 0 1 90 10 10
103              20:57:04.57704908  +13:35:23.7173652  2000.0 20.120800018310547 R  5 0 1 90 10 10
104              20:57:04.57704908  +13:35:23.7173652  2000.0 20.13319969177246 R  5 0 1 90 10 10
105              20:57:09.68621913  +13:35:29.71326128  2000.0 15.557499885559082 R  5 0 1 90 10 10
106              20:57:09.68621913  +13:35:29.71326128  2000.0 15.623100280761719 R  5 0 1 90 10 10
107              20:57:09.941109  +13:35:43.36779814  2000.0 15.057900428771973 R  5 0 1 90 10 10
108              20:57:09.941109  +13:35:43.36779814  2000.0 15.215700149536133 R  5 0 1 90 10 10
109              20:58:33.30431872  +13:35:35.68566995  2000.0 18.90559959411621 R  5 0 1 90 10 10
110              20:58:33.30431872  +13:35:35.68566995  2000.0 18.917299270629883 R  5 0 1 90 10 10
111              20:54:56.16613816  +13:36:17.056179  2000.0 19.889699935913086 R  5 0 1 90 10 10
112              20:54:56.16613816  +13:36:17.056179  2000.0 19.893699645996094 R  5 0 1 90 10 10
113              20:56:31.2755998  +13:36:21.37818004  2000.0 19.844200134277344 R  5 0 1 90 10 10
114              20:56:31.2755998  +13:36:21.37818004  2000.0 19.82469940185547 R  5 0 1 90 10 10
115              20:57:30.1856309  +13:36:02.83532228  2000.0 19.38089942932129 R  5 0 1 90 10 10
116              20:57:30.1856309  +13:36:02.83532228  2000.0 19.340700149536133 R  5 0 1 90 10 10
117              20:58:08.33386482  +13:36:10.71327181  2000.0 19.559999465942383 R  5 0 1 90 10 10
118              20:58:08.33386482  +13:36:10.71327181  2000.0 19.552499771118164 R  5 0 1 90 10 10
119              20:58:38.11962444  +13:36:11.31197352  2000.0 19.440200805664062 R  5 0 1 90 10 10
120              20:58:38.11962444  +13:36:11.31197352  2000.0 19.45989990234375 R  5 0 1 90 10 10
121              20:58:47.01540605  +13:36:27.88726561  2000.0 20.12820053100586 R  5 0 1 90 10 10
122              20:58:47.01540605  +13:36:27.88726561  2000.0 20.148099899291992 R  5 0 1 90 10 10
123              20:59:11.60386854  +13:36:19.06692841  2000.0 19.999099731445312 R  5 0 1 90 10 10
124              20:56:52.65541234  +13:36:51.05284165  2000.0 20.899799346923828 R  5 0 1 90 10 10
125              20:57:14.88022044  +13:36:49.20843992  2000.0 19.45949935913086 R  5 0 1 90 10 10
126              20:57:14.88022044  +13:36:49.20843992  2000.0 19.441699981689453 R  5 0 1 90 10 10
127              20:58:11.76462672  +13:36:56.85965885  2000.0 20.44809913635254 R  5 0 1 90 10 10
128              20:54:57.41865993  +13:37:03.24113467  2000.0 19.307199478149414 R  5 0 1 90 10 10
129              20:58:56.42047467  +13:37:08.1505541  2000.0 18.452699661254883 R  5 0 1 90 10 10
130              20:55:58.77051191  +13:37:33.90173252  2000.0 19.268600463867188 R  5 0 1 90 10 10
131              20:57:57.51627551  +13:37:32.87973048  2000.0 19.5403995513916 R  5 0 1 90 10 10
132              20:58:07.66655608  +13:37:53.56380899  2000.0 19.015600204467773 R  5 0 1 90 10 10
133              20:54:48.39514597  +13:38:06.51332569  2000.0 19.90399932861328 R  5 0 1 90 10 10
134              20:57:13.47779703  +13:38:00.21456088  2000.0 19.684799194335938 R  5 0 1 90 10 10
135              20:58:11.8888373  +13:38:10.58584928  2000.0 19.81329917907715 R  5 0 1 90 10 10
136              20:58:14.00036525  +13:38:22.55072099  2000.0 19.31209945678711 R  5 0 1 90 10 10
137              20:56:08.90942439  +13:38:37.37160699  2000.0 20.0231990814209 R  5 0 1 90 10 10
138              20:56:15.37135195  +13:38:42.27125436  2000.0 19.033599853515625 R  5 0 1 90 10 10
139              20:57:04.0463427  +13:38:55.04256942  2000.0 19.75979995727539 R  5 0 1 90 10 10
140              20:57:59.44516615  +13:38:30.25674676  2000.0 19.788799285888672 R  5 0 1 90 10 10
141              20:56:02.40088923  +13:39:09.25857875  2000.0 20.286399841308594 R  5 0 1 90 10 10
142              20:56:12.48304267  +13:39:21.86335891  2000.0 18.838499069213867 R  5 0 1 90 10 10
143              20:56:34.9773008  +13:39:22.6136446  2000.0 19.811199188232422 R  5 0 1 90 10 10
144              20:57:35.96162807  +13:39:23.88118057  2000.0 17.14940071105957 R  5 0 1 90 10 10
145              20:58:41.00894422  +13:39:22.68170534  2000.0 19.627300262451172 R  5 0 1 90 10 10
146              20:59:16.21335053  +13:39:18.10810172  2000.0 19.214599609375 R  5 0 1 90 10 10
147              20:59:16.65007286  +13:39:16.81008189  2000.0 19.49650001525879 R  5 0 1 90 10 10
148              20:55:29.0720055  +13:39:41.8580987  2000.0 19.415300369262695 R  5 0 1 90 10 10
149              20:57:39.44288463  +13:39:56.70325823  2000.0 20.958599090576172 R  5 0 1 90 10 10
150              20:57:40.1355388  +13:39:49.82963809  2000.0 16.92799949645996 R  5 0 1 90 10 10
151              20:58:20.23261458  +13:40:08.33535586  2000.0 19.08489990234375 R  5 0 1 90 10 10
152              20:58:20.23261458  +13:40:08.33535586  2000.0 19.102399826049805 R  5 0 1 90 10 10
153              20:58:56.54336873  +13:40:22.92597826  2000.0 20.090999603271484 R  5 0 1 90 10 10
154              20:58:56.73778851  +13:39:59.1949998  2000.0 18.85890007019043 R  5 0 1 90 10 10
155              20:54:36.52148864  +13:40:41.22562925  2000.0 19.299800872802734 R  5 0 1 90 10 10
156              20:55:53.2390739  +13:40:52.71392969  2000.0 19.79129981994629 R  5 0 1 90 10 10
157              20:55:57.57344914  +13:40:34.776502  2000.0 14.126799583435059 R  5 0 1 90 10 10
158              20:55:57.57344914  +13:40:34.776502  2000.0 13.97070026397705 R  5 0 1 90 10 10
159              20:56:34.53876112  +13:40:48.20946464  2000.0 20.04990005493164 R  5 0 1 90 10 10
160              20:57:05.30675517  +13:40:46.91303281  2000.0 19.7283992767334 R  5 0 1 90 10 10
161              20:57:22.37292878  +13:40:45.92736205  2000.0 19.893400192260742 R  5 0 1 90 10 10
162              20:59:04.28570565  +13:40:47.04293705  2000.0 20.004600524902344 R  5 0 1 90 10 10
163              20:55:30.87891542  +13:41:08.54142962  2000.0 19.186100006103516 R  5 0 1 90 10 10
164              20:57:35.24968289  +13:40:59.70185549  2000.0 19.395999908447266 R  5 0 1 90 10 10
165              20:58:53.95389725  +13:41:20.30764516  2000.0 19.475900650024414 R  5 0 1 90 10 10
166              20:55:38.07769754  +13:41:42.65793325  2000.0 15.997599601745605 R  5 0 1 90 10 10
167              20:58:05.29093845  +13:41:42.40969505  2000.0 19.59480094909668 R  5 0 1 90 10 10
168              20:58:10.64108077  +13:41:43.39236897  2000.0 19.185400009155273 R  5 0 1 90 10 10
169              20:58:44.40511224  +13:41:45.09493735  2000.0 18.596599578857422 R  5 0 1 90 10 10
170              20:58:51.13130558  +13:41:36.01197393  2000.0 16.478900909423828 R  5 0 1 90 10 10
171              20:59:16.13507701  +13:41:36.08883313  2000.0 21.115699768066406 R  5 0 1 90 10 10
172              20:59:16.14931886  +13:41:35.9819563  2000.0 20.65570068359375 R  5 0 1 90 10 10
173              20:59:17.09110468  +13:41:47.58657923  2000.0 16.1112003326416 R  5 0 1 90 10 10
174              20:55:12.61548976  +13:41:59.73427362  2000.0 20.067899703979492 R  5 0 1 90 10 10
175              20:55:22.01622386  +13:42:24.97834309  2000.0 19.4424991607666 R  5 0 1 90 10 10
176              20:55:29.23750419  +13:42:19.40692505  2000.0 20.642099380493164 R  5 0 1 90 10 10
177              20:55:33.19544038  +13:42:21.47869113  2000.0 19.44930076599121 R  5 0 1 90 10 10
178              20:55:34.304743  +13:42:13.34354137  2000.0 20.821300506591797 R  5 0 1 90 10 10
179              20:55:38.12047005  +13:42:17.15527812  2000.0 18.521699905395508 R  5 0 1 90 10 10
180              20:55:39.32949074  +13:42:15.92339776  2000.0 20.668500900268555 R  5 0 1 90 10 10
181              20:57:06.0513648  +13:42:25.78549949  2000.0 19.06329917907715 R  5 0 1 90 10 10
182              20:57:21.84133451  +13:42:20.99882673  2000.0 19.259199142456055 R  5 0 1 90 10 10
183              20:57:32.39360926  +13:42:02.80173131  2000.0 19.687299728393555 R  5 0 1 90 10 10
184              20:58:11.97663382  +13:42:18.59891231  2000.0 19.94379997253418 R  5 0 1 90 10 10
185              20:59:24.11061952  +13:42:18.80932238  2000.0 20.000200271606445 R  5 0 1 90 10 10
186              20:55:13.46788217  +13:42:49.41708328  2000.0 18.21179962158203 R  5 0 1 90 10 10
187              20:55:27.70830651  +13:42:35.03992461  2000.0 21.207199096679688 R  5 0 1 90 10 10
188              20:55:30.79204273  +13:42:43.05709991  2000.0 21.14310073852539 R  5 0 1 90 10 10
189              20:57:57.53260378  +13:42:41.85817771  2000.0 19.388200759887695 R  5 0 1 90 10 10
190              20:58:43.7835096  +13:42:41.84172  2000.0 11.456199645996094 R  5 0 1 90 10 10
191              20:59:33.63156696  +13:42:43.99419295  2000.0 20.58489990234375 R  5 0 1 90 10 10
192              20:54:57.51103929  +13:43:05.72370782  2000.0 19.40369987487793 R  5 0 1 90 10 10
193              20:55:41.74082399  +13:43:00.06181689  2000.0 20.761999130249023 R  5 0 1 90 10 10
194              20:58:56.23289545  +13:43:20.83413672  2000.0 18.654600143432617 R  5 0 1 90 10 10
195              20:59:10.34362485  +13:43:09.82033263  2000.0 19.9419002532959 R  5 0 1 90 10 10
196              20:59:23.6100611  +13:43:21.60058546  2000.0 19.289499282836914 R  5 0 1 90 10 10
197              20:59:27.40043471  +13:42:59.66615151  2000.0 19.438800811767578 R  5 0 1 90 10 10
198              20:55:39.52158489  +13:43:57.32742844  2000.0 18.84000015258789 R  5 0 1 90 10 10
199              20:56:29.62935221  +13:43:56.65534239  2000.0 18.81909942626953 R  5 0 1 90 10 10
200              20:55:31.49895104  +13:44:06.08110207  2000.0 20.732900619506836 R  5 0 1 90 10 10
201              20:55:32.41706732  +13:44:07.53949676  2000.0 16.420299530029297 R  5 0 1 90 10 10
202              20:55:32.41706732  +13:44:07.53949676  2000.0 13.727800369262695 R  5 0 1 90 10 10
203              20:55:33.05165175  +13:44:23.73655128  2000.0 21.41230010986328 R  5 0 1 90 10 10
204              20:57:33.42670734  +13:44:07.30193079  2000.0 18.09749984741211 R  5 0 1 90 10 10
205              20:58:40.16124333  +13:44:20.93898956  2000.0 17.878599166870117 R  5 0 1 90 10 10
206              20:55:37.20436352  +13:44:32.66207292  2000.0 21.02790069580078 R  5 0 1 90 10 10
207              20:55:38.73189443  +13:44:46.85851958  2000.0 21.059099197387695 R  5 0 1 90 10 10
208              20:55:40.17909353  +13:44:58.04369481  2000.0 20.048599243164062 R  5 0 1 90 10 10
209              20:59:17.0033591  +13:44:36.02295619  2000.0 18.570899963378906 R  5 0 1 90 10 10
210              20:55:30.41093741  +13:45:27.12256094  2000.0 17.266000747680664 R  5 0 1 90 10 10
211              20:58:54.40646625  +13:45:21.17435553  2000.0 19.35449981689453 R  5 0 1 90 10 10
212              20:59:00.76157182  +13:45:11.07340583  2000.0 20.06450080871582 R  5 0 1 90 10 10
213              20:55:27.08277602  +13:45:57.56639229  2000.0 18.811500549316406 R  5 0 1 90 10 10
214              20:55:30.7579398  +13:45:33.74782278  2000.0 20.247400283813477 R  5 0 1 90 10 10
215              20:56:00.56189046  +13:46:12.86583541  2000.0 19.061399459838867 R  5 0 1 90 10 10
216              20:57:36.81716615  +13:46:01.28649523  2000.0 19.530000686645508 R  5 0 1 90 10 10
217              20:54:42.4943564  +13:46:46.7072974  2000.0 20.51810073852539 R  5 0 1 90 10 10
218              20:55:13.47346606  +13:46:40.41509789  2000.0 17.984600067138672 R  5 0 1 90 10 10
219              20:55:20.43206827  +13:46:56.86459294  2000.0 20.122699737548828 R  5 0 1 90 10 10
220              20:55:51.11444542  +13:46:56.68952135  2000.0 19.897899627685547 R  5 0 1 90 10 10
221              20:55:56.10303961  +13:46:56.04016616  2000.0 20.429800033569336 R  5 0 1 90 10 10
222              20:56:29.07428641  +13:46:35.34616566  2000.0 19.34000015258789 R  5 0 1 90 10 10
223              20:57:05.93938735  +13:46:33.69380487  2000.0 19.67530059814453 R  5 0 1 90 10 10
224              20:58:11.94880338  +13:46:35.37799396  2000.0 19.816699981689453 R  5 0 1 90 10 10
225              20:54:35.9765993  +13:47:10.16855506  2000.0 19.49449920654297 R  5 0 1 90 10 10
226              20:55:45.92257286  +13:47:17.26650329  2000.0 19.582799911499023 R  5 0 1 90 10 10
227              20:56:18.77647657  +13:47:24.87339553  2000.0 20.435699462890625 R  5 0 1 90 10 10
228              20:56:58.17441853  +13:47:14.53713359  2000.0 19.625099182128906 R  5 0 1 90 10 10
229              20:58:43.30513399  +13:47:02.27988786  2000.0 19.637500762939453 R  5 0 1 90 10 10
230              20:58:55.50445504  +13:47:06.8041787  2000.0 19.282100677490234 R  5 0 1 90 10 10
231              20:59:33.04883539  +13:47:06.20061166  2000.0 20.325700759887695 R  5 0 1 90 10 10
232              20:55:22.78052105  +13:47:46.28778433  2000.0 18.98940086364746 R  5 0 1 90 10 10
233              20:56:35.19059256  +13:47:35.05564407  2000.0 20.413700103759766 R  5 0 1 90 10 10
234              20:57:36.93518614  +13:47:44.97619518  2000.0 20.00510025024414 R  5 0 1 90 10 10
235              20:57:49.23029242  +13:47:46.49564731  2000.0 14.116999626159668 R  5 0 1 90 10 10
236              20:57:49.23029242  +13:47:46.49564731  2000.0 14.050399780273438 R  5 0 1 90 10 10
237              20:57:58.81153037  +13:47:33.95768979  2000.0 18.9783992767334 R  5 0 1 90 10 10
238              20:58:03.59187285  +13:47:55.4878599  2000.0 20.128000259399414 R  5 0 1 90 10 10
239              20:55:11.32014038  +13:48:18.64605803  2000.0 13.570599555969238 R  5 0 1 90 10 10
240              20:55:18.39152464  +13:48:24.63727166  2000.0 18.646799087524414 R  5 0 1 90 10 10
241              20:55:36.4981504  +13:48:15.39381784  2000.0 19.64189910888672 R  5 0 1 90 10 10
242              20:55:41.16296057  +13:48:16.88787053  2000.0 19.489700317382812 R  5 0 1 90 10 10
243              20:57:06.05897976  +13:48:20.4318057  2000.0 18.704200744628906 R  5 0 1 90 10 10
244              20:55:04.46113206  +13:48:47.32331188  2000.0 19.856800079345703 R  5 0 1 90 10 10
245              20:55:04.46113206  +13:48:47.32331188  2000.0 19.82699966430664 R  5 0 1 90 10 10
246              20:58:05.8360911  +13:48:43.30739506  2000.0 20.347299575805664 R  5 0 1 90 10 10
247              20:59:06.13019535  +13:48:42.90627136  2000.0 19.42889976501465 R  5 0 1 90 10 10
248              20:55:20.29106698  +13:49:12.86833158  2000.0 19.23259925842285 R  5 0 1 90 10 10
249              20:56:07.60454453  +13:49:01.83968528  2000.0 19.970600128173828 R  5 0 1 90 10 10
250              20:56:29.27810345  +13:49:18.04675256  2000.0 19.633100509643555 R  5 0 1 90 10 10
251              20:56:57.39245621  +13:49:01.35544536  2000.0 19.191499710083008 R  5 0 1 90 10 10
252              20:55:33.74582097  +13:49:50.33455254  2000.0 18.888999938964844 R  5 0 1 90 10 10
253              20:56:08.38128377  +13:49:49.36642699  2000.0 19.266700744628906 R  5 0 1 90 10 10
254              20:57:45.29589037  +13:49:40.03068664  2000.0 17.279600143432617 R  5 0 1 90 10 10
255              20:59:30.53917247  +13:49:49.98697391  2000.0 20.001100540161133 R  5 0 1 90 10 10
256              20:54:36.30566903  +13:50:01.66710548  2000.0 19.1968994140625 R  5 0 1 90 10 10
257              20:58:52.53518782  +13:50:43.23828178  2000.0 19.307899475097656 R  5 0 1 90 10 10
258              20:58:53.84238909  +13:50:54.60424975  2000.0 17.87070083618164 R  5 0 1 90 10 10
259              20:57:54.51877376  +13:51:07.06363022  2000.0 19.628799438476562 R  5 0 1 90 10 10
260              20:58:37.39871908  +13:51:10.82558125  2000.0 19.588699340820312 R  5 0 1 90 10 10
261              20:58:54.10944204  +13:51:06.71055278  2000.0 19.056499481201172 R  5 0 1 90 10 10
262              20:59:37.46155956  +13:51:28.4655723  2000.0 19.91309928894043 R  5 0 1 90 10 10
263              20:54:25.18367806  +13:51:36.03705605  2000.0 18.035600662231445 R  5 0 1 90 10 10
264              20:54:58.15266156  +13:52:09.95543288  2000.0 19.51490020751953 R  5 0 1 90 10 10
265              20:57:51.56595103  +13:52:02.30706325  2000.0 19.89240074157715 R  5 0 1 90 10 10
266              20:58:06.97814096  +13:52:23.13168068  2000.0 17.463499069213867 R  5 0 1 90 10 10
267              20:54:22.08610778  +13:52:52.76491178  2000.0 19.993099212646484 R  5 0 1 90 10 10
268              20:55:01.71600391  +13:52:42.54630652  2000.0 14.333000183105469 R  5 0 1 90 10 10
269              20:55:50.81657292  +13:52:34.12316326  2000.0 19.297399520874023 R  5 0 1 90 10 10
270              20:58:44.14368643  +13:52:47.88964427  2000.0 18.42840003967285 R  5 0 1 90 10 10
271              20:58:57.73579502  +13:52:40.7465368  2000.0 19.93269920349121 R  5 0 1 90 10 10
272              20:59:58.77048171  +13:52:32.78982299  2000.0 19.27739906311035 R  5 0 1 90 10 10
273              20:59:58.77048171  +13:52:32.78982299  2000.0 19.273099899291992 R  5 0 1 90 10 10
274              20:54:08.99307988  +13:53:16.1171411  2000.0 19.6564998626709 R  5 0 1 90 10 10
275              20:54:51.55603956  +13:53:17.99455575  2000.0 19.96649932861328 R  5 0 1 90 10 10
276              20:55:28.94188058  +13:53:22.30119879  2000.0 18.873699188232422 R  5 0 1 90 10 10
277              20:57:04.85028826  +13:53:16.97249899  2000.0 19.45599937438965 R  5 0 1 90 10 10
278              20:59:28.57175587  +13:53:04.14458949  2000.0 18.91360092163086 R  5 0 1 90 10 10
279              20:55:46.10443781  +13:53:53.80670424  2000.0 19.641799926757812 R  5 0 1 90 10 10
280              20:58:17.10991975  +13:53:43.38915025  2000.0 19.413700103759766 R  5 0 1 90 10 10
281              20:59:02.69441641  +13:53:43.3945714  2000.0 18.157699584960938 R  5 0 1 90 10 10
282              20:54:05.98391692  +13:54:13.31136119  2000.0 20.013200759887695 R  5 0 1 90 10 10
283              20:56:29.47580167  +13:54:12.29059634  2000.0 19.778099060058594 R  5 0 1 90 10 10
284              20:56:55.94707248  +13:54:16.40559007  2000.0 19.199800491333008 R  5 0 1 90 10 10
285              20:58:28.92806088  +13:54:00.12368355  2000.0 20.318199157714844 R  5 0 1 90 10 10
286              20:58:32.34728011  +13:53:59.49552158  2000.0 19.239299774169922 R  5 0 1 90 10 10
287              20:59:26.71320898  +13:54:15.2454359  2000.0 19.63960075378418 R  5 0 1 90 10 10
288              20:56:12.78070075  +13:54:38.22409807  2000.0 19.97599983215332 R  5 0 1 90 10 10
289              20:56:40.59292452  +13:54:52.68320438  2000.0 20.09000015258789 R  5 0 1 90 10 10
290              20:56:50.96190697  +13:54:54.92877948  2000.0 19.72010040283203 R  5 0 1 90 10 10
291              20:56:59.56371188  +13:54:48.84373181  2000.0 18.66860008239746 R  5 0 1 90 10 10
292              20:57:04.21779166  +13:54:31.32629115  2000.0 20.32309913635254 R  5 0 1 90 10 10
293              20:57:16.98450277  +13:54:35.19969135  2000.0 19.990800857543945 R  5 0 1 90 10 10
294              20:59:03.81500353  +13:54:46.16500078  2000.0 19.08289909362793 R  5 0 1 90 10 10
295              20:56:20.09114101  +13:55:25.76370525  2000.0 19.540300369262695 R  5 0 1 90 10 10
296              20:58:09.39211968  +13:54:58.43277308  2000.0 20.2898006439209 R  5 0 1 90 10 10
297              20:58:16.38084742  +13:55:24.52719372  2000.0 19.738399505615234 R  5 0 1 90 10 10
298              20:58:37.81824405  +13:54:59.78653615  2000.0 19.739299774169922 R  5 0 1 90 10 10
299              20:59:18.63724364  +13:55:23.70950625  2000.0 20.283300399780273 R  5 0 1 90 10 10
300              20:59:40.51402628  +13:55:14.82672339  2000.0 18.381900787353516 R  5 0 1 90 10 10
301              20:55:31.42824733  +13:55:56.73196532  2000.0 20.496400833129883 R  5 0 1 90 10 10
302              20:57:59.03332901  +13:55:55.37479753  2000.0 19.286399841308594 R  5 0 1 90 10 10
303              20:58:00.55309449  +13:55:42.22062898  2000.0 19.48870086669922 R  5 0 1 90 10 10
304              20:59:27.27997732  +13:55:47.60281064  2000.0 20.88159942626953 R  5 0 1 90 10 10
305              20:59:28.58047376  +13:55:57.1568739  2000.0 21.06719970703125 R  5 0 1 90 10 10
306              20:59:53.1855167  +13:55:55.05725144  2000.0 19.29199981689453 R  5 0 1 90 10 10
307              20:54:00.22601683  +13:56:03.61730407  2000.0 19.92799949645996 R  5 0 1 90 10 10
308              20:54:25.76817254  +13:56:24.56821463  2000.0 19.728300094604492 R  5 0 1 90 10 10
309              20:59:27.28023427  +13:56:09.32268358  2000.0 17.397300720214844 R  5 0 1 90 10 10
310              20:59:27.87521514  +13:56:05.2809113  2000.0 20.01110076904297 R  5 0 1 90 10 10
311              20:59:40.12475845  +13:56:21.52664499  2000.0 20.854999542236328 R  5 0 1 90 10 10
312              20:59:43.96493046  +13:56:27.03964863  2000.0 19.63909912109375 R  5 0 1 90 10 10
313              20:58:49.66806657  +13:56:56.51834459  2000.0 19.639299392700195 R  5 0 1 90 10 10
314              20:59:42.87821571  +13:56:34.49209427  2000.0 20.162099838256836 R  5 0 1 90 10 10
315              20:53:56.4516005  +13:57:13.77177246  2000.0 18.880199432373047 R  5 0 1 90 10 10
316              20:54:11.31693543  +13:57:05.654992  2000.0 20.325899124145508 R  5 0 1 90 10 10
317              20:54:17.37775065  +13:57:19.5515672  2000.0 20.289899826049805 R  5 0 1 90 10 10
318              20:53:53.60508956  +13:57:41.08761164  2000.0 19.75079917907715 R  5 0 1 90 10 10
319              20:54:08.33229805  +13:57:40.78108929  2000.0 19.587900161743164 R  5 0 1 90 10 10
320              20:58:53.5356953  +13:57:43.13867816  2000.0 19.601999282836914 R  5 0 1 90 10 10
321              20:59:35.89257231  +13:57:51.69623384  2000.0 19.703100204467773 R  5 0 1 90 10 10
322              20:59:53.2447999  +13:57:34.04291039  2000.0 18.49920082092285 R  5 0 1 90 10 10
323              21:00:03.1777052  +13:57:48.47187389  2000.0 20.13960075378418 R  5 0 1 90 10 10
324              21:00:03.1777052  +13:57:48.47187389  2000.0 20.099899291992188 R  5 0 1 90 10 10
325              20:53:59.2361418  +13:58:06.20194494  2000.0 19.42099952697754 R  5 0 1 90 10 10
326              20:54:22.67172159  +13:58:02.88019674  2000.0 19.597299575805664 R  5 0 1 90 10 10
327              20:56:10.11586865  +13:58:07.79439411  2000.0 19.6825008392334 R  5 0 1 90 10 10
328              20:59:30.32573786  +13:58:13.32685982  2000.0 20.476299285888672 R  5 0 1 90 10 10
329              20:59:34.96971342  +13:58:16.11698024  2000.0 19.09040069580078 R  5 0 1 90 10 10
330              20:57:35.7079455  +13:58:31.39420725  2000.0 19.71649932861328 R  5 0 1 90 10 10
331              20:57:49.21053059  +13:58:31.79517088  2000.0 19.43630027770996 R  5 0 1 90 10 10
332              20:58:44.55641651  +13:58:38.35735232  2000.0 19.43400001525879 R  5 0 1 90 10 10
333              20:59:28.83335623  +13:58:45.22272668  2000.0 20.130599975585938 R  5 0 1 90 10 10
334              20:59:09.32958569  +13:59:22.84805742  2000.0 20.528099060058594 R  5 0 1 90 10 10
335              20:59:09.32958569  +13:59:22.84805742  2000.0 20.615400314331055 R  5 0 1 90 10 10
336              21:00:03.47751418  +13:59:23.57713155  2000.0 20.027099609375 R  5 0 1 90 10 10
337              21:00:03.47751418  +13:59:23.57713155  2000.0 20.108200073242188 R  5 0 1 90 10 10
338              21:00:03.47751418  +13:59:23.57713155  2000.0 20.03580093383789 R  5 0 1 90 10 10
339              21:00:03.47751418  +13:59:23.57713155  2000.0 20.065399169921875 R  5 0 1 90 10 10
340              20:54:55.41019613  +13:59:42.90020025  2000.0 19.75029945373535 R  5 0 1 90 10 10
341              20:54:55.41019613  +13:59:42.90020025  2000.0 19.745899200439453 R  5 0 1 90 10 10
342              20:57:45.06283526  +13:59:46.98775758  2000.0 19.739500045776367 R  5 0 1 90 10 10
343              20:57:45.06283526  +13:59:46.98775758  2000.0 19.79159927368164 R  5 0 1 90 10 10
344              20:57:45.12996805  +13:59:34.13497109  2000.0 15.957300186157227 R  5 0 1 90 10 10
345              20:57:45.12996805  +13:59:34.13497109  2000.0 15.948399543762207 R  5 0 1 90 10 10
346              20:57:45.44619029  +13:59:29.7290757  2000.0 18.547800064086914 R  5 0 1 90 10 10
347              20:57:45.44619029  +13:59:29.7290757  2000.0 18.590900421142578 R  5 0 1 90 10 10
348              20:57:45.61634306  +13:59:40.25943226  2000.0 19.366300582885742 R  5 0 1 90 10 10
349              20:57:45.61634306  +13:59:40.25943226  2000.0 19.446699142456055 R  5 0 1 90 10 10
350              20:58:41.50333008  +13:59:53.34424407  2000.0 17.268400192260742 R  5 0 1 90 10 10
351              20:58:41.50333008  +13:59:53.34424407  2000.0 17.323400497436523 R  5 0 1 90 10 10
352              20:55:35.13152977  +14:00:11.96878131  2000.0 19.45509910583496 R  5 0 1 90 10 10
353              20:55:35.13152977  +14:00:11.96878131  2000.0 19.471500396728516 R  5 0 1 90 10 10
354              20:57:52.12736326  +14:00:01.28343803  2000.0 19.97209930419922 R  5 0 1 90 10 10
355              20:57:52.12736326  +14:00:01.28343803  2000.0 20.03260040283203 R  5 0 1 90 10 10
356              20:58:57.57948288  +14:00:27.64782591  2000.0 19.881799697875977 R  5 0 1 90 10 10
357              20:58:57.57948288  +14:00:27.64782591  2000.0 19.93709945678711 R  5 0 1 90 10 10
358              20:59:03.10635326  +14:00:21.75954426  2000.0 19.617399215698242 R  5 0 1 90 10 10
359              20:59:03.10635326  +14:00:21.75954426  2000.0 19.680400848388672 R  5 0 1 90 10 10
360              20:59:31.73768998  +14:00:12.36186647  2000.0 20.453899383544922 R  5 0 1 90 10 10
361              20:59:31.73768998  +14:00:12.36186647  2000.0 20.501800537109375 R  5 0 1 90 10 10
362              20:54:51.97492372  +14:00:45.49755158  2000.0 20.450199127197266 R  5 0 1 90 10 10
363              20:55:45.28445305  +14:00:43.81222278  2000.0 18.52750015258789 R  5 0 1 90 10 10
364              20:55:45.28445305  +14:00:43.81222278  2000.0 18.545900344848633 R  5 0 1 90 10 10
365              20:56:37.3259648  +14:00:50.5536232  2000.0 20.352800369262695 R  5 0 1 90 10 10
366              20:56:37.3259648  +14:00:50.5536232  2000.0 20.361799240112305 R  5 0 1 90 10 10
367              20:58:25.29502268  +14:00:49.29822163  2000.0 19.801300048828125 R  5 0 1 90 10 10
368              20:58:25.29502268  +14:00:49.29822163  2000.0 19.765899658203125 R  5 0 1 90 10 10
369              20:58:29.42930987  +14:00:28.5083117  2000.0 19.992599487304688 R  5 0 1 90 10 10
370              20:58:29.42930987  +14:00:28.5083117  2000.0 19.977500915527344 R  5 0 1 90 10 10
371              20:56:39.56450884  +14:01:27.339896  2000.0 20.54490089416504 R  5 0 1 90 10 10
372              20:59:18.50481476  +14:01:18.88261025  2000.0 20.151599884033203 R  5 0 1 90 10 10
373              20:59:48.95048781  +14:01:21.72329835  2000.0 16.667699813842773 R  5 0 1 90 10 10
374              20:55:05.25402596  +14:01:47.67226257  2000.0 20.09939956665039 R  5 0 1 90 10 10
375              20:55:05.25402596  +14:01:47.67226257  2000.0 20.114700317382812 R  5 0 1 90 10 10
376              20:57:54.78848712  +14:01:29.85471423  2000.0 20.448299407958984 R  5 0 1 90 10 10
377              20:56:30.58006254  +14:01:59.68386406  2000.0 18.7908992767334 R  5 0 1 90 10 10
378              20:57:31.17784894  +14:02:03.8948715  2000.0 20.48699951171875 R  5 0 1 90 10 10
379              20:58:04.09436722  +14:02:11.18167017  2000.0 20.23780059814453 R  5 0 1 90 10 10
380              20:58:39.005484  +14:02:14.67167454  2000.0 20.310699462890625 R  5 0 1 90 10 10
381              20:58:47.63869053  +14:02:25.95202925  2000.0 19.71619987487793 R  5 0 1 90 10 10
382              20:59:28.1976766  +14:02:20.88480524  2000.0 19.212499618530273 R  5 0 1 90 10 10
383              20:55:17.18327961  +14:02:54.95909768  2000.0 18.209999084472656 R  5 0 1 90 10 10
384              20:55:28.58441056  +14:02:56.20630384  2000.0 14.009900093078613 R  5 0 1 90 10 10
385              20:55:56.17969288  +14:02:45.52260147  2000.0 19.38290023803711 R  5 0 1 90 10 10
386              20:57:30.81411602  +14:02:51.63030338  2000.0 14.017399787902832 R  5 0 1 90 10 10
387              20:58:40.11129327  +14:02:50.56882729  2000.0 20.516000747680664 R  5 0 1 90 10 10
388              20:55:31.13739008  +14:03:00.05345284  2000.0 19.8705997467041 R  5 0 1 90 10 10
389              20:58:26.83065534  +14:03:21.34900918  2000.0 17.777099609375 R  5 0 1 90 10 10
390              20:59:41.67327473  +14:03:13.73315705  2000.0 19.100500106811523 R  5 0 1 90 10 10
391              21:00:18.78666533  +14:03:27.93302197  2000.0 18.841100692749023 R  5 0 1 90 10 10
392              20:56:42.09165262  +14:04:00.75106762  2000.0 19.798599243164062 R  5 0 1 90 10 10
393              20:56:42.09165262  +14:04:00.75106762  2000.0 19.799400329589844 R  5 0 1 90 10 10
394              20:56:51.53655362  +14:04:17.09244844  2000.0 19.952899932861328 R  5 0 1 90 10 10
395              20:58:17.9556155  +14:04:36.18953499  2000.0 18.84429931640625 R  5 0 1 90 10 10
396              20:58:17.9556155  +14:04:36.18953499  2000.0 18.853200912475586 R  5 0 1 90 10 10
397              20:58:18.34979399  +14:04:36.88938245  2000.0 18.850299835205078 R  5 0 1 90 10 10
398              20:58:18.34979399  +14:04:36.88938245  2000.0 18.476600646972656 R  5 0 1 90 10 10
399              20:58:19.47784666  +14:04:42.18884279  2000.0 20.803300857543945 R  5 0 1 90 10 10
400              20:55:26.1292398  +14:05:06.62567112  2000.0 20.579299926757812 R  5 0 1 90 10 10
401              20:55:31.39227551  +14:05:20.96950252  2000.0 19.422800064086914 R  5 0 1 90 10 10
402              20:58:05.06864172  +14:05:13.62550563  2000.0 15.714200019836426 R  5 0 1 90 10 10
403              21:00:18.18895026  +14:05:19.40922055  2000.0 19.824899673461914 R  5 0 1 90 10 10
404              20:54:17.79212442  +14:05:56.9357498  2000.0 20.726900100708008 R  5 0 1 90 10 10
405              20:54:33.87793862  +14:05:50.00041449  2000.0 19.547000885009766 R  5 0 1 90 10 10
406              20:56:36.65092841  +14:05:50.93244814  2000.0 19.936500549316406 R  5 0 1 90 10 10
407              20:59:19.73774881  +14:05:30.65570705  2000.0 19.46139907836914 R  5 0 1 90 10 10
408              20:59:59.32127196  +14:05:30.87024464  2000.0 19.741100311279297 R  5 0 1 90 10 10
409              20:59:59.32127196  +14:05:30.87024464  2000.0 19.748899459838867 R  5 0 1 90 10 10
410              20:57:33.44818395  +14:06:03.59328725  2000.0 19.792800903320312 R  5 0 1 90 10 10
411              20:58:49.65723029  +14:05:59.87351371  2000.0 19.59079933166504 R  5 0 1 90 10 10
412              20:54:43.04818466  +14:06:47.29855744  2000.0 19.120800018310547 R  5 0 1 90 10 10
413              20:55:22.91276684  +14:06:38.55266522  2000.0 19.096599578857422 R  5 0 1 90 10 10
414              20:56:47.70554715  +14:07:02.09356396  2000.0 20.231300354003906 R  5 0 1 90 10 10
415              20:56:51.7216888  +14:07:26.8723383  2000.0 20.425500869750977 R  5 0 1 90 10 10
416              20:57:08.8861444  +14:07:04.66375332  2000.0 20.749300003051758 R  5 0 1 90 10 10
417              20:57:50.99509545  +14:07:05.78009295  2000.0 20.158000946044922 R  5 0 1 90 10 10
418              20:54:01.56050978  +14:07:39.2250394  2000.0 19.8351993560791 R  5 0 1 90 10 10
419              20:54:37.02449354  +14:07:29.1977149  2000.0 19.978599548339844 R  5 0 1 90 10 10
420              20:54:51.98254304  +14:07:56.68472387  2000.0 18.534500122070312 R  5 0 1 90 10 10
421              20:55:17.24992165  +14:07:51.20895515  2000.0 13.965999603271484 R  5 0 1 90 10 10
422              20:56:14.12725354  +14:07:50.95836962  2000.0 20.62350082397461 R  5 0 1 90 10 10
423              20:57:08.01799484  +14:07:53.74721118  2000.0 19.846099853515625 R  5 0 1 90 10 10
424              20:57:49.71118817  +14:07:49.18827962  2000.0 18.7106990814209 R  5 0 1 90 10 10
425              20:58:20.63422056  +14:08:24.22403129  2000.0 19.816499710083008 R  5 0 1 90 10 10
426              20:58:20.63422056  +14:08:24.22403129  2000.0 19.838199615478516 R  5 0 1 90 10 10
427              20:58:24.86461799  +14:08:17.28766812  2000.0 21.28190040588379 R  5 0 1 90 10 10
428              20:59:27.50257914  +14:08:20.86014495  2000.0 19.844499588012695 R  5 0 1 90 10 10
429              20:59:56.18300855  +14:08:07.69615286  2000.0 19.470399856567383 R  5 0 1 90 10 10
430              20:55:30.57008027  +14:08:48.35602941  2000.0 17.303300857543945 R  5 0 1 90 10 10
431              20:58:13.89779131  +14:08:28.4971697  2000.0 19.238500595092773 R  5 0 1 90 10 10
432              20:58:36.7841098  +14:08:39.32741405  2000.0 16.832799911499023 R  5 0 1 90 10 10
433              20:59:46.30514094  +14:08:52.64214007  2000.0 20.048799514770508 R  5 0 1 90 10 10
434              20:59:24.60006301  +14:09:01.54194328  2000.0 19.020700454711914 R  5 0 1 90 10 10
435              20:59:26.54143113  +14:09:00.00476646  2000.0 19.163400650024414 R  5 0 1 90 10 10
436              20:59:40.63574976  +14:09:24.0935627  2000.0 19.604700088500977 R  5 0 1 90 10 10
437              20:54:21.53005927  +14:09:38.32170954  2000.0 20.195199966430664 R  5 0 1 90 10 10
438              20:56:16.45168658  +14:09:52.90167733  2000.0 20.38360023498535 R  5 0 1 90 10 10
439              21:00:11.83709996  +14:09:30.56793926  2000.0 19.3174991607666 R  5 0 1 90 10 10
440              20:53:47.02990512  +14:10:23.1535778  2000.0 20.369199752807617 R  5 0 1 90 10 10
441              20:58:16.18994749  +14:10:10.48419587  2000.0 18.615100860595703 R  5 0 1 90 10 10
442              20:58:31.02572038  +14:10:12.30835987  2000.0 19.75309944152832 R  5 0 1 90 10 10
443              20:58:49.25824025  +14:10:14.92197566  2000.0 15.831199645996094 R  5 0 1 90 10 10
444              20:59:21.73074862  +14:10:17.23703127  2000.0 19.647199630737305 R  5 0 1 90 10 10
445              20:59:45.79075061  +14:10:28.38343567  2000.0 19.334299087524414 R  5 0 1 90 10 10
446              21:00:21.31727907  +14:10:44.87203294  2000.0 19.53809928894043 R  5 0 1 90 10 10
447              20:54:11.94747255  +14:11:00.40005307  2000.0 19.173999786376953 R  5 0 1 90 10 10
448              20:53:50.35382323  +14:11:30.5732134  2000.0 20.608400344848633 R  5 0 1 90 10 10
449              20:54:09.58388788  +14:11:31.35983527  2000.0 20.220600128173828 R  5 0 1 90 10 10
450              20:55:11.60058706  +14:11:36.96920846  2000.0 20.331499099731445 R  5 0 1 90 10 10
451              20:57:23.01078234  +14:11:41.84392558  2000.0 16.566699981689453 R  5 0 1 90 10 10
452              20:57:24.49705578  +14:11:51.22517257  2000.0 13.960000038146973 R  5 0 1 90 10 10
453              20:59:53.48092626  +14:11:32.2786859  2000.0 20.3572998046875 R  5 0 1 90 10 10
454              20:59:55.61532025  +14:11:55.16473793  2000.0 19.812599182128906 R  5 0 1 90 10 10
455              21:00:14.62950593  +14:11:57.49866723  2000.0 18.09280014038086 R  5 0 1 90 10 10
456              21:00:20.69244007  +14:11:39.71751471  2000.0 18.249900817871094 R  5 0 1 90 10 10
457              20:57:02.96434743  +14:12:16.29802607  2000.0 17.690399169921875 R  5 0 1 90 10 10
458              20:57:05.60445563  +14:12:24.8961455  2000.0 20.36870002746582 R  5 0 1 90 10 10
459              20:57:16.79881203  +14:12:11.20463759  2000.0 19.278600692749023 R  5 0 1 90 10 10
460              20:57:48.91527656  +14:12:04.64245324  2000.0 18.164499282836914 R  5 0 1 90 10 10
461              21:00:18.36461607  +14:12:07.50725287  2000.0 18.70199966430664 R  5 0 1 90 10 10
462              21:00:20.38934446  +14:12:10.75555806  2000.0 17.75149917602539 R  5 0 1 90 10 10
463              21:00:20.73230968  +14:12:25.16168266  2000.0 21.202899932861328 R  5 0 1 90 10 10
464              20:54:59.18318005  +14:12:43.75335355  2000.0 19.84819984436035 R  5 0 1 90 10 10
465              20:54:59.18318005  +14:12:43.75335355  2000.0 19.863800048828125 R  5 0 1 90 10 10
466              20:55:01.75056419  +14:12:48.36765705  2000.0 20.10569953918457 R  5 0 1 90 10 10
467              20:55:01.75056419  +14:12:48.36765705  2000.0 20.12339973449707 R  5 0 1 90 10 10
468              20:55:42.61463138  +14:12:36.2094266  2000.0 19.503400802612305 R  5 0 1 90 10 10
469              20:58:59.25174701  +14:12:54.63433542  2000.0 19.283599853515625 R  5 0 1 90 10 10
470              20:59:23.17101977  +14:12:35.81820159  2000.0 20.341400146484375 R  5 0 1 90 10 10
471              21:00:19.86180275  +14:12:29.10985572  2000.0 17.54800033569336 R  5 0 1 90 10 10
472              20:59:00.76571166  +14:13:17.01067513  2000.0 20.57830047607422 R  5 0 1 90 10 10
473              21:00:22.23277584  +14:13:06.06074322  2000.0 20.795900344848633 R  5 0 1 90 10 10
474              20:53:47.69905001  +14:13:45.28588565  2000.0 19.39940071105957 R  5 0 1 90 10 10
475              20:58:18.52533905  +14:13:52.82198494  2000.0 19.172000885009766 R  5 0 1 90 10 10
476              20:58:18.52533905  +14:13:52.82198494  2000.0 19.20050048828125 R  5 0 1 90 10 10
477              20:58:25.23941527  +14:13:36.46436042  2000.0 20.37969970703125 R  5 0 1 90 10 10
478              20:58:31.47968266  +14:13:46.97112722  2000.0 18.57859992980957 R  5 0 1 90 10 10
479              20:59:22.67248826  +14:13:48.60648784  2000.0 13.686200141906738 R  5 0 1 90 10 10
480              20:59:47.92019353  +14:13:42.37756675  2000.0 18.140499114990234 R  5 0 1 90 10 10
481              20:54:20.16196974  +14:14:22.39139966  2000.0 17.037799835205078 R  5 0 1 90 10 10
482              20:55:38.24515489  +14:14:13.88391366  2000.0 19.625900268554688 R  5 0 1 90 10 10
483              20:58:42.50587775  +14:14:11.84766712  2000.0 18.375900268554688 R  5 0 1 90 10 10
484              20:55:26.17710031  +14:14:33.63622052  2000.0 12.031299591064453 R  5 0 1 90 10 10
485              20:58:41.37759695  +14:14:56.6552731  2000.0 18.94219970703125 R  5 0 1 90 10 10
486              20:58:43.59216209  +14:14:48.33869935  2000.0 18.29199981689453 R  5 0 1 90 10 10
487              20:58:43.81175516  +14:14:32.95894467  2000.0 19.98040008544922 R  5 0 1 90 10 10
488              20:59:27.87396579  +14:14:38.378365  2000.0 19.299100875854492 R  5 0 1 90 10 10
489              20:59:58.42189311  +14:14:29.4702796  2000.0 19.702800750732422 R  5 0 1 90 10 10
490              20:59:58.42189311  +14:14:29.4702796  2000.0 19.761999130249023 R  5 0 1 90 10 10
491              20:53:48.82793489  +14:15:03.03046912  2000.0 19.847400665283203 R  5 0 1 90 10 10
492              20:54:31.07966404  +14:15:13.84672913  2000.0 19.475000381469727 R  5 0 1 90 10 10
493              20:58:42.16107589  +14:15:01.00323443  2000.0 19.73150062561035 R  5 0 1 90 10 10
494              20:58:46.47492905  +14:15:10.34368802  2000.0 19.949800491333008 R  5 0 1 90 10 10
495              20:59:28.68824581  +14:15:05.53558782  2000.0 19.452199935913086 R  5 0 1 90 10 10
496              20:53:56.59569287  +14:15:35.20455012  2000.0 20.42959976196289 R  5 0 1 90 10 10
497              20:55:02.5390272  +14:15:30.10726883  2000.0 20.013399124145508 R  5 0 1 90 10 10
498              20:55:02.5390272  +14:15:30.10726883  2000.0 20.029800415039062 R  5 0 1 90 10 10
499              20:55:15.29667518  +14:15:42.89074177  2000.0 18.992000579833984 R  5 0 1 90 10 10
500              20:58:32.9964005  +14:15:31.08509596  2000.0 18.69499969482422 R  5 0 1 90 10 10
501              20:59:00.81663606  +14:15:50.09052413  2000.0 20.625600814819336 R  5 0 1 90 10 10
502              21:00:22.563093  +14:15:55.30480669  2000.0 20.028400421142578 R  5 0 1 90 10 10
503              20:54:30.14574501  +14:16:20.0164367  2000.0 20.400100708007812 R  5 0 1 90 10 10
504              20:54:41.73974476  +14:16:10.59195875  2000.0 19.980300903320312 R  5 0 1 90 10 10
505              20:54:56.564614  +14:16:08.25862038  2000.0 19.855499267578125 R  5 0 1 90 10 10
506              20:55:16.78281039  +14:16:27.24551711  2000.0 18.55660057067871 R  5 0 1 90 10 10
507              20:58:54.81756995  +14:16:08.56745252  2000.0 20.081300735473633 R  5 0 1 90 10 10
508              20:59:54.21958741  +14:16:09.82755014  2000.0 18.66699981689453 R  5 0 1 90 10 10
509              20:58:41.83219635  +14:16:42.3859867  2000.0 18.99570083618164 R  5 0 1 90 10 10
510              20:54:13.60408255  +14:17:13.68034517  2000.0 19.588699340820312 R  5 0 1 90 10 10
511              20:54:39.87049614  +14:17:13.24794848  2000.0 19.08650016784668 R  5 0 1 90 10 10
512              20:54:56.88120248  +14:17:10.78817029  2000.0 19.061500549316406 R  5 0 1 90 10 10
513              20:55:48.97521418  +14:17:23.61101538  2000.0 19.785400390625 R  5 0 1 90 10 10
514              20:56:03.64028129  +14:17:24.2974203  2000.0 19.569499969482422 R  5 0 1 90 10 10
515              20:57:07.27292248  +14:17:26.71446842  2000.0 20.909799575805664 R  5 0 1 90 10 10
516              20:58:16.11858127  +14:17:25.67628757  2000.0 19.525999069213867 R  5 0 1 90 10 10
517              20:58:22.65276792  +14:17:08.85940559  2000.0 20.00860023498535 R  5 0 1 90 10 10
518              20:58:22.65276792  +14:17:08.85940559  2000.0 20.027599334716797 R  5 0 1 90 10 10
519              20:58:44.07634198  +14:17:02.34876695  2000.0 19.655899047851562 R  5 0 1 90 10 10
520              20:59:13.11377823  +14:17:14.21685425  2000.0 19.13279914855957 R  5 0 1 90 10 10
521              20:59:16.11441763  +14:17:27.21514297  2000.0 19.847999572753906 R  5 0 1 90 10 10
522              20:54:05.84499251  +14:17:49.56396089  2000.0 19.38719940185547 R  5 0 1 90 10 10
523              20:54:19.9688885  +14:17:52.37018518  2000.0 19.922000885009766 R  5 0 1 90 10 10
524              20:58:44.02796069  +14:17:38.93499011  2000.0 18.836200714111328 R  5 0 1 90 10 10
525              20:58:44.14787122  +14:17:46.04075573  2000.0 18.646400451660156 R  5 0 1 90 10 10
526              20:58:55.04394632  +14:17:37.77056972  2000.0 19.23550033569336 R  5 0 1 90 10 10
527              21:00:05.95417086  +14:17:33.80147556  2000.0 19.91670036315918 R  5 0 1 90 10 10
528              20:54:58.67609454  +14:18:10.81958424  2000.0 20.145299911499023 R  5 0 1 90 10 10
529              20:58:45.1591836  +14:18:21.87997545  2000.0 20.87700080871582 R  5 0 1 90 10 10
530              21:00:17.96754895  +14:18:08.53413452  2000.0 18.29170036315918 R  5 0 1 90 10 10
531              21:00:18.54215321  +14:18:24.56640684  2000.0 18.7893009185791 R  5 0 1 90 10 10
532              20:57:18.52408337  +14:18:32.54338748  2000.0 19.701099395751953 R  5 0 1 90 10 10
533              20:58:42.67577002  +14:18:57.87636472  2000.0 17.618000030517578 R  5 0 1 90 10 10
534              21:00:11.27942595  +14:18:44.10034152  2000.0 19.838600158691406 R  5 0 1 90 10 10
535              20:54:14.87738189  +14:19:07.64031521  2000.0 17.95240020751953 R  5 0 1 90 10 10
536              20:54:15.69278754  +14:19:07.67081962  2000.0 19.201400756835938 R  5 0 1 90 10 10
537              20:55:19.73082965  +14:18:59.34516035  2000.0 16.934799194335938 R  5 0 1 90 10 10
538              20:55:51.85543387  +14:19:26.38850197  2000.0 20.0762996673584 R  5 0 1 90 10 10
539              20:56:26.47909689  +14:19:11.81238177  2000.0 19.665300369262695 R  5 0 1 90 10 10
540              20:57:19.91339336  +14:19:33.85220252  2000.0 19.984100341796875 R  5 0 1 90 10 10
541              20:58:52.2295515  +14:19:36.34097878  2000.0 18.481000900268555 R  5 0 1 90 10 10
542              20:59:40.9055803  +14:19:42.77307954  2000.0 19.657400131225586 R  5 0 1 90 10 10
543              20:59:47.36260241  +14:19:34.77794995  2000.0 18.904600143432617 R  5 0 1 90 10 10
544              20:54:26.56439261  +14:20:04.31342635  2000.0 18.746599197387695 R  5 0 1 90 10 10
545              20:54:54.51480186  +14:20:10.97467758  2000.0 20.344499588012695 R  5 0 1 90 10 10
546              20:55:09.97938536  +14:20:11.58054674  2000.0 19.67060089111328 R  5 0 1 90 10 10
547              20:53:48.02176043  +14:20:42.40035435  2000.0 20.291099548339844 R  5 0 1 90 10 10
548              20:54:57.38111754  +14:20:41.42648456  2000.0 14.021100044250488 R  5 0 1 90 10 10
549              20:54:57.38111754  +14:20:41.42648456  2000.0 13.884300231933594 R  5 0 1 90 10 10
550              20:55:14.46271844  +14:20:29.03843877  2000.0 19.81570053100586 R  5 0 1 90 10 10
551              20:56:02.17304042  +14:20:40.31087876  2000.0 19.43670082092285 R  5 0 1 90 10 10
552              20:57:25.2491757  +14:20:54.7728304  2000.0 17.414899826049805 R  5 0 1 90 10 10
553              20:57:55.86407661  +14:20:56.52476144  2000.0 14.412500381469727 R  5 0 1 90 10 10
554              20:58:51.55146349  +14:20:54.58763845  2000.0 19.453399658203125 R  5 0 1 90 10 10
555              20:54:39.9807745  +14:21:06.40154974  2000.0 19.867799758911133 R  5 0 1 90 10 10
556              20:54:57.25167379  +14:21:15.40252593  2000.0 20.08650016784668 R  5 0 1 90 10 10
557              20:55:57.79031941  +14:21:13.76661346  2000.0 20.140600204467773 R  5 0 1 90 10 10
558              20:59:30.14482506  +14:21:13.1764362  2000.0 19.261199951171875 R  5 0 1 90 10 10
559              21:00:15.26500086  +14:21:22.27114014  2000.0 13.063400268554688 R  5 0 1 90 10 10
560              20:57:40.81413268  +14:21:36.19880492  2000.0 18.57550048828125 R  5 0 1 90 10 10
561              20:59:39.84470624  +14:21:36.40455044  2000.0 20.31570053100586 R  5 0 1 90 10 10
562              20:54:41.66701308  +14:22:21.80947106  2000.0 20.096500396728516 R  5 0 1 90 10 10
563              20:59:38.12947773  +14:22:06.16138582  2000.0 20.006999969482422 R  5 0 1 90 10 10
564              20:54:11.38599535  +14:22:34.6260906  2000.0 14.706100463867188 R  5 0 1 90 10 10
565              20:57:52.4925957  +14:22:55.65546034  2000.0 17.6382999420166 R  5 0 1 90 10 10
566              20:58:38.73348391  +14:22:30.9688073  2000.0 19.802400588989258 R  5 0 1 90 10 10
567              20:59:40.59651774  +14:22:40.25758939  2000.0 20.137399673461914 R  5 0 1 90 10 10
568              20:54:57.78493474  +14:23:02.66520538  2000.0 20.21969985961914 R  5 0 1 90 10 10
569              20:55:17.65273741  +14:23:34.68771274  2000.0 19.94379997253418 R  5 0 1 90 10 10
570              20:55:17.65273741  +14:23:34.68771274  2000.0 19.958200454711914 R  5 0 1 90 10 10
571              20:55:51.69797295  +14:23:33.59831569  2000.0 19.706899642944336 R  5 0 1 90 10 10
572              20:55:51.69797295  +14:23:33.59831569  2000.0 19.730600357055664 R  5 0 1 90 10 10
573              20:57:53.15275368  +14:23:30.53074584  2000.0 19.836700439453125 R  5 0 1 90 10 10
574              20:57:53.15275368  +14:23:30.53074584  2000.0 19.8218994140625 R  5 0 1 90 10 10
575              20:58:06.4975368  +14:23:42.483192  2000.0 13.327500343322754 R  5 0 1 90 10 10
576              20:58:06.4975368  +14:23:42.483192  2000.0 13.636300086975098 R  5 0 1 90 10 10
577              20:59:33.49469769  +14:23:38.25059656  2000.0 20.34760093688965 R  5 0 1 90 10 10
578              20:59:33.49469769  +14:23:38.25059656  2000.0 20.409000396728516 R  5 0 1 90 10 10
579              20:55:46.65243158  +14:24:00.75176942  2000.0 17.55430030822754 R  5 0 1 90 10 10
580              20:55:46.65243158  +14:24:00.75176942  2000.0 17.5580997467041 R  5 0 1 90 10 10
581              20:56:06.65765312  +14:24:20.4665787  2000.0 19.543899536132812 R  5 0 1 90 10 10
582              20:56:06.65765312  +14:24:20.4665787  2000.0 19.536399841308594 R  5 0 1 90 10 10
583              20:57:54.0710673  +14:24:17.38245023  2000.0 19.896400451660156 R  5 0 1 90 10 10
584              20:57:54.0710673  +14:24:17.38245023  2000.0 19.87689971923828 R  5 0 1 90 10 10
585              20:58:21.04549767  +14:24:23.51333796  2000.0 19.47010040283203 R  5 0 1 90 10 10
586              20:58:21.04549767  +14:24:23.51333796  2000.0 19.52429962158203 R  5 0 1 90 10 10
587              20:58:21.04549767  +14:24:23.51333796  2000.0 19.50670051574707 R  5 0 1 90 10 10
588              20:58:21.04549767  +14:24:23.51333796  2000.0 19.514299392700195 R  5 0 1 90 10 10
589              20:59:45.80722279  +14:24:16.28720287  2000.0 20.225500106811523 R  5 0 1 90 10 10
590              20:59:55.87168549  +14:24:26.61055356  2000.0 13.628299713134766 R  5 0 1 90 10 10
591              20:59:55.87168549  +14:24:26.61055356  2000.0 13.64490032196045 R  5 0 1 90 10 10
592              20:59:55.87168549  +14:24:26.61055356  2000.0 14.67199993133545 R  5 0 1 90 10 10
593              20:56:04.538776  +14:24:39.33109798  2000.0 19.144399642944336 R  5 0 1 90 10 10
594              20:56:04.538776  +14:24:39.33109798  2000.0 19.152099609375 R  5 0 1 90 10 10
595              20:56:13.40434196  +14:24:48.32520599  2000.0 13.75879955291748 R  5 0 1 90 10 10
596              20:56:13.40434196  +14:24:48.32520599  2000.0 13.78909969329834 R  5 0 1 90 10 10
597              20:57:48.27451089  +14:24:47.64437311  2000.0 19.469999313354492 R  5 0 1 90 10 10
598              20:57:48.27451089  +14:24:47.64437311  2000.0 19.45400047302246 R  5 0 1 90 10 10
599              20:57:30.50987861  +14:25:05.09975942  2000.0 20.068500518798828 R  5 0 1 90 10 10
600              20:56:27.01740633  +14:26:08.78134786  2000.0 20.492300033569336 R  5 0 1 90 10 10
601              20:57:00.55441953  +14:26:28.07041928  2000.0 13.85569953918457 R  5 0 1 90 10 10
602              20:57:00.79905768  +14:26:30.18799144  2000.0 17.42099952697754 R  5 0 1 90 10 10
603              20:59:53.6072218  +14:26:53.48516189  2000.0 20.011199951171875 R  5 0 1 90 10 10
604              20:59:13.98850644  +14:27:03.99067862  2000.0 19.479999542236328 R  5 0 1 90 10 10
605              21:00:10.04980633  +14:27:05.08847692  2000.0 19.479999542236328 R  5 0 1 90 10 10
606              20:55:18.92352339  +14:27:48.00722421  2000.0 18.95599937438965 R  5 0 1 90 10 10
607              20:55:54.74457824  +14:27:46.27323634  2000.0 19.758499145507812 R  5 0 1 90 10 10
608              20:58:17.2825312  +14:27:32.37693484  2000.0 17.820199966430664 R  5 0 1 90 10 10
609              20:58:17.2825312  +14:27:32.37693484  2000.0 17.816999435424805 R  5 0 1 90 10 10
610              21:00:02.7170633  +14:27:49.45214482  2000.0 16.198699951171875 R  5 0 1 90 10 10
611              20:55:50.53462194  +14:28:18.16517998  2000.0 16.14459991455078 R  5 0 1 90 10 10
612              20:58:30.33583713  +14:28:23.27173302  2000.0 13.353799819946289 R  5 0 1 90 10 10
613              20:59:51.67488577  +14:28:25.78161119  2000.0 19.323299407958984 R  5 0 1 90 10 10
614              20:55:30.54071395  +14:28:35.26431309  2000.0 19.8075008392334 R  5 0 1 90 10 10
615              20:59:34.27501583  +14:28:36.59305028  2000.0 19.8302001953125 R  5 0 1 90 10 10
616              21:00:04.93016281  +14:28:37.24683222  2000.0 18.708900451660156 R  5 0 1 90 10 10
617              20:56:17.31916118  +14:29:26.83897492  2000.0 19.937400817871094 R  5 0 1 90 10 10
618              20:56:55.49677353  +14:28:58.89956984  2000.0 19.710500717163086 R  5 0 1 90 10 10
619              20:56:59.18154553  +14:29:06.10667028  2000.0 20.79949951171875 R  5 0 1 90 10 10
620              20:55:08.91541902  +14:29:47.11480678  2000.0 19.519699096679688 R  5 0 1 90 10 10
621              20:57:09.82565841  +14:29:36.49628518  2000.0 19.685400009155273 R  5 0 1 90 10 10
622              20:58:04.54964896  +14:29:42.74703781  2000.0 18.89109992980957 R  5 0 1 90 10 10
623              20:57:41.12453155  +14:30:09.15234573  2000.0 18.95989990234375 R  5 0 1 90 10 10
624              20:58:59.12080132  +14:30:12.16674682  2000.0 20.264400482177734 R  5 0 1 90 10 10
625              20:55:08.09128481  +14:31:27.53178925  2000.0 20.089000701904297 R  5 0 1 90 10 10
626              20:55:56.55921729  +14:31:25.25994329  2000.0 20.190200805664062 R  5 0 1 90 10 10
627              20:58:12.76522716  +14:31:13.92246273  2000.0 19.33340072631836 R  5 0 1 90 10 10
628              20:56:03.17516025  +14:31:52.51815011  2000.0 15.600299835205078 R  5 0 1 90 10 10
629              20:59:12.9362267  +14:31:48.1687079  2000.0 20.387800216674805 R  5 0 1 90 10 10
630              20:58:50.35812666  +14:32:14.21273657  2000.0 19.917699813842773 R  5 0 1 90 10 10
631              20:58:52.15022673  +14:32:14.15674956  2000.0 19.77199935913086 R  5 0 1 90 10 10
632              20:59:46.17001669  +14:32:25.86905404  2000.0 19.39310073852539 R  5 0 1 90 10 10
633              20:58:57.46339871  +14:32:53.34477142  2000.0 14.088500022888184 R  5 0 1 90 10 10
634              20:59:58.14114409  +14:32:36.36884422  2000.0 20.24180030822754 R  5 0 1 90 10 10
635              20:59:58.14114409  +14:32:36.36884422  2000.0 20.250499725341797 R  5 0 1 90 10 10
636              20:55:57.60558739  +14:33:08.26366629  2000.0 18.573299407958984 R  5 0 1 90 10 10
637              20:59:01.31031087  +14:33:32.96041409  2000.0 19.396900177001953 R  5 0 1 90 10 10
638              20:54:09.71584916  +14:34:09.82300025  2000.0 19.133800506591797 R  5 0 1 90 10 10
639              20:55:08.80572117  +14:34:22.94611323  2000.0 14.093400001525879 R  5 0 1 90 10 10
640              20:55:22.51152689  +14:33:59.83933596  2000.0 13.64169979095459 R  5 0 1 90 10 10
641              20:56:12.75307664  +14:34:24.71222876  2000.0 20.078100204467773 R  5 0 1 90 10 10
642              20:56:21.11396304  +14:34:09.26220934  2000.0 18.583799362182617 R  5 0 1 90 10 10
643              20:57:57.06213708  +14:34:09.53718049  2000.0 19.604299545288086 R  5 0 1 90 10 10
644              20:57:05.25772257  +14:35:25.17233168  2000.0 15.211999893188477 R  5 0 1 90 10 10
645              20:55:17.00084289  +14:35:45.5213613  2000.0 19.733699798583984 R  5 0 1 90 10 10
646              20:56:13.85581745  +14:35:54.52817582  2000.0 18.94260025024414 R  5 0 1 90 10 10
647              20:56:59.56160311  +14:35:43.5947937  2000.0 19.243099212646484 R  5 0 1 90 10 10
648              20:55:26.52027382  +14:36:13.24652102  2000.0 20.14430046081543 R  5 0 1 90 10 10
649              20:57:00.40530097  +14:36:23.71521485  2000.0 19.845300674438477 R  5 0 1 90 10 10
650              20:54:38.29198271  +14:36:32.11883116  2000.0 18.380399703979492 R  5 0 1 90 10 10
651              20:55:59.180399  +14:36:31.80644896  2000.0 18.80900001525879 R  5 0 1 90 10 10
652              20:56:45.04547256  +14:36:55.63750018  2000.0 18.81909942626953 R  5 0 1 90 10 10
653              20:56:45.04547256  +14:36:55.63750018  2000.0 18.818700790405273 R  5 0 1 90 10 10
654              20:56:53.75533625  +14:36:30.72144331  2000.0 20.03260040283203 R  5 0 1 90 10 10
655              20:56:59.58081277  +14:36:49.72562656  2000.0 20.067699432373047 R  5 0 1 90 10 10
656              20:58:05.46700973  +14:36:38.63138124  2000.0 19.400699615478516 R  5 0 1 90 10 10
657              20:59:10.80651334  +14:36:36.90818913  2000.0 19.712499618530273 R  5 0 1 90 10 10
658              20:56:01.86134291  +14:37:21.90602193  2000.0 19.634000778198242 R  5 0 1 90 10 10
659              20:57:20.09607668  +14:37:04.02050625  2000.0 18.720199584960938 R  5 0 1 90 10 10
660              20:58:29.18945665  +14:37:00.18442881  2000.0 20.180700302124023 R  5 0 1 90 10 10
661              20:54:29.51731205  +14:37:33.16899757  2000.0 19.95240020751953 R  5 0 1 90 10 10
662              20:55:56.60981635  +14:37:48.57161954  2000.0 18.17460060119629 R  5 0 1 90 10 10
663              20:56:10.24592362  +14:37:48.72582703  2000.0 20.181299209594727 R  5 0 1 90 10 10
664              20:57:51.47188037  +14:38:28.27748243  2000.0 20.516599655151367 R  5 0 1 90 10 10
665              20:59:01.20826499  +14:38:24.77528272  2000.0 16.732999801635742 R  5 0 1 90 10 10
666              20:55:05.15789111  +14:38:36.00749549  2000.0 15.59469985961914 R  5 0 1 90 10 10
667              20:55:05.15789111  +14:38:36.00749549  2000.0 15.603400230407715 R  5 0 1 90 10 10
668              20:55:50.90397286  +14:38:38.38577796  2000.0 18.020299911499023 R  5 0 1 90 10 10
669              20:56:47.2007846  +14:38:48.21375676  2000.0 20.01889991760254 R  5 0 1 90 10 10
670              20:55:31.7812101  +14:39:13.19378446  2000.0 14.322099685668945 R  5 0 1 90 10 10
671              20:55:31.7812101  +14:39:13.19378446  2000.0 14.718999862670898 R  5 0 1 90 10 10
672              20:54:21.02671037  +14:39:39.92758113  2000.0 20.52120018005371 R  5 0 1 90 10 10
673              20:56:21.87051568  +14:39:41.74521202  2000.0 19.500699996948242 R  5 0 1 90 10 10
674              20:57:45.76191573  +14:39:45.3290115  2000.0 19.49519920349121 R  5 0 1 90 10 10
675              20:58:00.66671011  +14:39:44.15015806  2000.0 19.94529914855957 R  5 0 1 90 10 10
676              20:56:26.0651939  +14:40:20.48556814  2000.0 19.576000213623047 R  5 0 1 90 10 10
677              20:57:03.29812888  +14:40:02.09880941  2000.0 20.667699813842773 R  5 0 1 90 10 10
678              20:56:25.20360642  +14:40:48.25115469  2000.0 18.865400314331055 R  5 0 1 90 10 10
679              20:59:01.26040923  +14:40:36.15640001  2000.0 19.640100479125977 R  5 0 1 90 10 10
680              20:55:10.11930991  +14:41:23.14079054  2000.0 19.952899932861328 R  5 0 1 90 10 10
681              20:56:32.98503328  +14:40:59.92704186  2000.0 19.22450065612793 R  5 0 1 90 10 10
682              20:56:35.17232982  +14:41:17.1923143  2000.0 20.32390022277832 R  5 0 1 90 10 10
683              20:56:40.95683441  +14:41:26.19934096  2000.0 19.842100143432617 R  5 0 1 90 10 10
684              20:56:40.95683441  +14:41:26.19934096  2000.0 19.810699462890625 R  5 0 1 90 10 10
685              20:56:45.95280217  +14:41:20.26129863  2000.0 19.524799346923828 R  5 0 1 90 10 10
686              20:56:49.68382173  +14:41:07.72463306  2000.0 19.721099853515625 R  5 0 1 90 10 10
687              20:55:07.77582218  +14:41:34.34435651  2000.0 19.677600860595703 R  5 0 1 90 10 10
688              20:55:28.59791616  +14:41:57.41942841  2000.0 19.96419906616211 R  5 0 1 90 10 10
689              20:56:31.59750842  +14:41:33.11456917  2000.0 18.89550018310547 R  5 0 1 90 10 10
690              20:56:33.10096001  +14:41:54.02432063  2000.0 21.191499710083008 R  5 0 1 90 10 10
691              20:58:49.3030656  +14:41:34.71287308  2000.0 19.42340087890625 R  5 0 1 90 10 10
692              20:59:17.45815218  +14:41:44.91001023  2000.0 19.725799560546875 R  5 0 1 90 10 10
693              20:54:56.718226  +14:42:19.62836645  2000.0 19.552000045776367 R  5 0 1 90 10 10
694              20:55:08.87523093  +14:42:18.49966295  2000.0 20.274900436401367 R  5 0 1 90 10 10
695              20:55:31.60860434  +14:42:10.48467314  2000.0 19.638099670410156 R  5 0 1 90 10 10
696              20:55:57.24296771  +14:42:13.78903991  2000.0 20.741300582885742 R  5 0 1 90 10 10
697              20:57:03.82718405  +14:42:15.2442802  2000.0 20.788400650024414 R  5 0 1 90 10 10
698              20:58:23.68396438  +14:42:21.53813823  2000.0 18.76099967956543 R  5 0 1 90 10 10
699              20:58:23.68396438  +14:42:21.53813823  2000.0 18.753799438476562 R  5 0 1 90 10 10
700              20:58:42.11816833  +14:42:14.43309607  2000.0 19.677400588989258 R  5 0 1 90 10 10
701              20:54:55.73389654  +14:42:41.01668975  2000.0 20.470600128173828 R  5 0 1 90 10 10
702              20:55:03.41318262  +14:42:41.70924521  2000.0 19.95989990234375 R  5 0 1 90 10 10
703              20:55:03.41318262  +14:42:41.70924521  2000.0 19.957500457763672 R  5 0 1 90 10 10
704              20:55:49.05694857  +14:42:33.98584649  2000.0 13.191800117492676 R  5 0 1 90 10 10
705              20:58:00.69423579  +14:42:44.75356549  2000.0 19.702899932861328 R  5 0 1 90 10 10
706              20:58:27.4019448  +14:42:40.19833265  2000.0 18.974599838256836 R  5 0 1 90 10 10
707              20:54:31.69476568  +14:43:02.49493484  2000.0 20.203800201416016 R  5 0 1 90 10 10
708              20:55:10.43361236  +14:43:01.92904056  2000.0 19.634300231933594 R  5 0 1 90 10 10
709              20:55:45.54395462  +14:43:15.32529973  2000.0 20.584699630737305 R  5 0 1 90 10 10
710              20:55:46.36705518  +14:43:24.19305573  2000.0 16.93790054321289 R  5 0 1 90 10 10
711              20:55:46.40955534  +14:43:12.49324252  2000.0 20.757099151611328 R  5 0 1 90 10 10
712              20:56:39.53156834  +14:43:24.43573912  2000.0 19.49959945678711 R  5 0 1 90 10 10
713              20:56:39.53156834  +14:43:24.43573912  2000.0 19.50160026550293 R  5 0 1 90 10 10
714              20:59:12.75170246  +14:43:09.45965516  2000.0 20.37849998474121 R  5 0 1 90 10 10
715              20:54:31.86174687  +14:43:31.5524988  2000.0 19.870800018310547 R  5 0 1 90 10 10
716              20:54:33.23245568  +14:43:43.49482586  2000.0 16.983800888061523 R  5 0 1 90 10 10
717              20:55:30.93897171  +14:43:33.60346676  2000.0 13.713399887084961 R  5 0 1 90 10 10
718              20:55:50.32337557  +14:43:56.42526142  2000.0 18.83180046081543 R  5 0 1 90 10 10
719              20:56:13.48463493  +14:43:35.3276656  2000.0 19.097400665283203 R  5 0 1 90 10 10
720              20:56:22.54366052  +14:43:31.35386938  2000.0 14.003499984741211 R  5 0 1 90 10 10
721              20:57:04.97747312  +14:43:47.65074798  2000.0 18.908100128173828 R  5 0 1 90 10 10
722              20:58:59.75347717  +14:43:53.98434676  2000.0 17.32659912109375 R  5 0 1 90 10 10
723              20:59:05.73432092  +14:43:32.49373247  2000.0 16.041900634765625 R  5 0 1 90 10 10
724              20:54:45.86711818  +14:44:07.15233391  2000.0 19.592199325561523 R  5 0 1 90 10 10
725              20:54:48.9685463  +14:44:05.4891628  2000.0 19.535400390625 R  5 0 1 90 10 10
726              20:57:04.01590432  +14:44:16.18509512  2000.0 17.81570053100586 R  5 0 1 90 10 10
727              20:58:34.34364891  +14:44:25.09881583  2000.0 19.545900344848633 R  5 0 1 90 10 10
728              20:54:40.43078297  +14:44:57.86427857  2000.0 20.576200485229492 R  5 0 1 90 10 10
729              20:56:12.3559378  +14:44:29.76811002  2000.0 18.817399978637695 R  5 0 1 90 10 10
730              20:56:27.05380696  +14:44:55.51192989  2000.0 20.70509910583496 R  5 0 1 90 10 10
731              20:56:27.16762794  +14:44:55.11083985  2000.0 21.12849998474121 R  5 0 1 90 10 10
732              20:55:55.92388667  +14:45:11.62354511  2000.0 18.781600952148438 R  5 0 1 90 10 10
733              20:56:26.39677473  +14:45:00.54628538  2000.0 17.265399932861328 R  5 0 1 90 10 10
734              20:58:37.75636433  +14:45:27.62275018  2000.0 18.879899978637695 R  5 0 1 90 10 10
735              20:58:56.41756193  +14:45:13.71888572  2000.0 19.601900100708008 R  5 0 1 90 10 10
736              20:58:43.99279205  +14:45:51.63605218  2000.0 19.48699951171875 R  5 0 1 90 10 10
737              20:57:51.67450151  +14:46:14.6719264  2000.0 19.953100204467773 R  5 0 1 90 10 10
738              20:58:46.31116735  +14:46:22.69729141  2000.0 19.910900115966797 R  5 0 1 90 10 10
739              20:57:32.28380928  +14:46:49.95632584  2000.0 19.830400466918945 R  5 0 1 90 10 10
740              20:58:12.2604591  +14:46:49.38725238  2000.0 19.519699096679688 R  5 0 1 90 10 10
741              20:54:48.93734793  +14:47:00.00192815  2000.0 19.75950050354004 R  5 0 1 90 10 10
742              20:54:48.93734793  +14:47:00.00192815  2000.0 19.755800247192383 R  5 0 1 90 10 10
743              20:56:01.53108439  +14:46:58.75248067  2000.0 20.107799530029297 R  5 0 1 90 10 10
744              20:56:23.17694624  +14:47:26.15378437  2000.0 13.7878999710083 R  5 0 1 90 10 10
745              20:56:23.17694624  +14:47:26.15378437  2000.0 13.774900436401367 R  5 0 1 90 10 10
746              20:55:44.74722287  +14:47:53.73175009  2000.0 13.482999801635742 R  5 0 1 90 10 10
747              20:55:44.74722287  +14:47:53.73175009  2000.0 13.542699813842773 R  5 0 1 90 10 10
748              20:54:50.23680298  +14:48:17.42784651  2000.0 20.3617000579834 R  5 0 1 90 10 10
749              20:54:50.23680298  +14:48:17.42784651  2000.0 20.33799934387207 R  5 0 1 90 10 10
750              20:55:34.18211923  +14:48:07.64206117  2000.0 18.998300552368164 R  5 0 1 90 10 10
751              20:55:34.18211923  +14:48:07.64206117  2000.0 18.972299575805664 R  5 0 1 90 10 10
752              20:55:37.79233096  +14:48:16.7968297  2000.0 19.348499298095703 R  5 0 1 90 10 10
753              20:55:37.79233096  +14:48:16.7968297  2000.0 19.316699981689453 R  5 0 1 90 10 10
754              20:55:46.28836166  +14:48:25.35101366  2000.0 17.688400268554688 R  5 0 1 90 10 10
755              20:55:46.28836166  +14:48:25.35101366  2000.0 17.65959930419922 R  5 0 1 90 10 10
756              20:56:38.50176461  +14:48:32.33339876  2000.0 19.666400909423828 R  5 0 1 90 10 10
757              20:56:38.50176461  +14:48:32.33339876  2000.0 19.660600662231445 R  5 0 1 90 10 10
758              20:56:38.50176461  +14:48:32.33339876  2000.0 19.648099899291992 R  5 0 1 90 10 10
759              20:56:38.50176461  +14:48:32.33339876  2000.0 19.645099639892578 R  5 0 1 90 10 10
760              20:58:24.75972514  +14:48:33.54368268  2000.0 16.200899124145508 R  5 0 1 90 10 10
761              20:58:24.75972514  +14:48:33.54368268  2000.0 16.1737003326416 R  5 0 1 90 10 10
762              20:58:24.75972514  +14:48:33.54368268  2000.0 16.186199188232422 R  5 0 1 90 10 10
763              20:55:30.28309844  +14:49:09.66413115  2000.0 19.645599365234375 R  5 0 1 90 10 10
764              20:56:34.98653844  +14:49:08.50551866  2000.0 20.139699935913086 R  5 0 1 90 10 10
765              20:58:59.24887288  +14:49:03.06456087  2000.0 16.71179962158203 R  5 0 1 90 10 10
766              20:58:59.24887288  +14:49:03.06456087  2000.0 16.777799606323242 R  5 0 1 90 10 10
767              20:55:52.72910722  +14:49:37.76024135  2000.0 18.889400482177734 R  5 0 1 90 10 10
768              20:56:34.20729522  +14:49:44.65579972  2000.0 19.15489959716797 R  5 0 1 90 10 10
769              20:57:39.6677753  +14:49:44.42569424  2000.0 18.818199157714844 R  5 0 1 90 10 10
770              20:58:00.74407883  +14:49:29.9085204  2000.0 20.582799911499023 R  5 0 1 90 10 10
771              20:58:58.80652925  +14:49:42.03252598  2000.0 15.165900230407715 R  5 0 1 90 10 10
772              20:55:40.28776603  +14:50:19.07880624  2000.0 18.16320037841797 R  5 0 1 90 10 10
773              20:56:18.26363892  +14:50:07.83086318  2000.0 19.160900115966797 R  5 0 1 90 10 10
774              20:57:36.72744759  +14:50:24.98731912  2000.0 18.252300262451172 R  5 0 1 90 10 10
775              20:56:51.80907727  +14:50:54.74281012  2000.0 19.084299087524414 R  5 0 1 90 10 10
776              20:57:09.29118599  +14:50:39.14039765  2000.0 18.981300354003906 R  5 0 1 90 10 10
777              20:57:33.76912339  +14:50:43.90614953  2000.0 20.37030029296875 R  5 0 1 90 10 10
778              20:58:24.75186035  +14:50:34.71892362  2000.0 18.91010093688965 R  5 0 1 90 10 10
779              20:58:24.75186035  +14:50:34.71892362  2000.0 19.145099639892578 R  5 0 1 90 10 10
780              20:58:34.79837571  +14:50:51.25248178  2000.0 19.9606990814209 R  5 0 1 90 10 10
781              20:55:04.81819764  +14:51:09.03618757  2000.0 19.680099487304688 R  5 0 1 90 10 10
782              20:55:04.81819764  +14:51:09.03618757  2000.0 19.66819953918457 R  5 0 1 90 10 10
783              20:58:44.18171548  +14:51:05.35586967  2000.0 20.64109992980957 R  5 0 1 90 10 10
784              20:55:45.84058472  +14:51:49.16659822  2000.0 19.052200317382812 R  5 0 1 90 10 10
785              20:56:31.73929127  +14:51:47.86126392  2000.0 20.05739974975586 R  5 0 1 90 10 10
786              20:57:15.00829517  +14:51:38.31077119  2000.0 18.437999725341797 R  5 0 1 90 10 10
787              20:58:20.60986041  +14:51:54.17995178  2000.0 20.05699920654297 R  5 0 1 90 10 10
788              20:58:20.60986041  +14:51:54.17995178  2000.0 20.043699264526367 R  5 0 1 90 10 10
789              20:55:22.29865981  +14:52:07.93483778  2000.0 15.62399959564209 R  5 0 1 90 10 10
790              20:55:35.66861266  +14:52:13.54048518  2000.0 20.492000579833984 R  5 0 1 90 10 10
791              20:55:47.45107864  +14:52:01.00824032  2000.0 18.911500930786133 R  5 0 1 90 10 10
792              20:56:00.54656903  +14:52:23.17445813  2000.0 19.850900650024414 R  5 0 1 90 10 10
793              20:57:10.95604671  +14:52:15.97905051  2000.0 19.691200256347656 R  5 0 1 90 10 10
794              20:57:43.43574947  +14:52:26.7530578  2000.0 19.497600555419922 R  5 0 1 90 10 10
795              20:58:01.98646939  +14:52:19.17588962  2000.0 19.71579933166504 R  5 0 1 90 10 10
796              20:55:18.32817621  +14:53:23.54680043  2000.0 20.01759910583496 R  5 0 1 90 10 10
797              20:56:08.1802539  +14:52:59.29183558  2000.0 17.71980094909668 R  5 0 1 90 10 10
798              20:57:54.07135732  +14:53:20.47809763  2000.0 19.745399475097656 R  5 0 1 90 10 10
799              20:58:09.05030328  +14:53:00.06276484  2000.0 19.5802001953125 R  5 0 1 90 10 10
800              20:58:38.54252529  +14:53:17.42512506  2000.0 19.299999237060547 R  5 0 1 90 10 10
801              20:55:45.32017399  +14:53:54.77966578  2000.0 20.47130012512207 R  5 0 1 90 10 10
802              20:55:54.36569317  +14:53:48.68992516  2000.0 20.047399520874023 R  5 0 1 90 10 10
803              20:56:03.36038311  +14:53:34.62842032  2000.0 19.933900833129883 R  5 0 1 90 10 10
804              20:56:04.24920876  +14:53:53.32700474  2000.0 19.136600494384766 R  5 0 1 90 10 10
805              20:55:59.12656161  +14:54:15.60052806  2000.0 18.45479965209961 R  5 0 1 90 10 10
806              20:57:13.38651119  +14:54:13.15896844  2000.0 14.572799682617188 R  5 0 1 90 10 10
807              20:57:01.69353361  +14:54:34.35122756  2000.0 20.17620086669922 R  5 0 1 90 10 10
808              20:58:19.14813558  +14:55:00.36996179  2000.0 19.320899963378906 R  5 0 1 90 10 10
809              20:58:19.14813558  +14:55:00.36996179  2000.0 19.29560089111328 R  5 0 1 90 10 10
810              20:58:13.18073722  +14:55:40.98907329  2000.0 20.281099319458008 R  5 0 1 90 10 10
811              20:55:55.85931063  +14:56:01.06099795  2000.0 13.730799674987793 R  5 0 1 90 10 10
812              20:56:51.92515783  +14:56:18.86023094  2000.0 19.04990005493164 R  5 0 1 90 10 10
813              20:56:52.3760492  +14:56:26.7263291  2000.0 19.43320083618164 R  5 0 1 90 10 10
814              20:56:31.92627336  +14:57:07.0263525  2000.0 19.28059959411621 R  5 0 1 90 10 10
815              20:57:59.9592719  +14:57:32.3802408  2000.0 19.671100616455078 R  5 0 1 90 10 10
816              20:56:45.78432755  +14:58:23.90145388  2000.0 17.319499969482422 R  5 0 1 90 10 10
817              20:56:25.60167491  +14:59:57.25469355  2000.0 13.648200035095215 R  5 0 1 90 10 10
818              20:56:26.22655874  +14:59:46.96500658  2000.0 19.375 R  5 0 1 90 10 10
819              20:56:41.49171249  +14:59:51.84282235  2000.0 19.873699188232422 R  5 0 1 90 10 10
820              20:56:41.49171249  +14:59:51.84282235  2000.0 19.84819984436035 R  5 0 1 90 10 10
821              20:57:29.22520945  +14:59:31.55567834  2000.0 19.395599365234375 R  5 0 1 90 10 10
822              20:56:55.44193899  +14:07:51.62992079  2000.0 16.21419906616211 R  -1 0 1 90 10 10 
823              20:57:04.29461943  +14:08:14.4866916  2000.0 16.48240089416504 R  -1 0 1 90 10 10 
824              20:56:51.54939057  +14:08:47.38531004  2000.0 15.988300323486328 R  -1 0 1 90 10 10 
825              20:56:53.49574398  +14:08:52.62406672  2000.0 15.95989990234375 R  -1 0 1 90 10 10 
826              20:56:56.48231619  +14:08:35.41346966  2000.0 16.944299697875977 R  -1 0 1 90 10 10 
827              20:57:01.77996589  +14:08:55.02004468  2000.0 16.85540008544922 R  -1 0 1 90 10 10 
828              20:57:07.46300011  +14:08:31.48145221  2000.0 15.855600357055664 R  -1 0 1 90 10 10 
829              20:57:09.41543755  +14:08:36.27829525  2000.0 15.309399604797363 R  -1 0 1 90 10 10 
830              20:57:07.95746208  +14:09:12.93926557  2000.0 16.10379981994629 R  -1 0 1 90 10 10 
831              20:56:57.7866011  +14:09:58.13496211  2000.0 16.321699142456055 R  -1 0 1 90 10 10 
832              20:57:03.36633218  +14:09:42.17046337  2000.0 16.293399810791016 R  -1 0 1 90 10 10 
833              20:57:16.74947869  +14:09:33.09117226  2000.0 15.925200462341309 R  -1 0 1 90 10 10 
834              20:56:50.16638652  +14:10:11.90855854  2000.0 16.048200607299805 R  -1 0 1 90 10 10 
835              20:56:55.67850452  +14:10:03.34625654  2000.0 16.257099151611328 R  -1 0 1 90 10 10 
836              20:57:06.01054991  +14:10:05.60585909  2000.0 16.17300033569336 R  -1 0 1 90 10 10 
837              20:57:13.84314663  +14:10:23.33278266  2000.0 16.50860023498535 R  -1 0 1 90 10 10 
838              20:56:49.400705  +14:10:48.61796467  2000.0 16.546899795532227 R  -1 0 1 90 10 10 
839              20:56:55.46994942  +14:10:50.72350322  2000.0 15.174599647521973 R  -1 0 1 90 10 10 
840              20:56:48.63604636  +14:11:01.93326563  2000.0 16.56719970703125 R  -1 0 1 90 10 10 
841              20:57:02.1123151  +14:11:14.6347164  2000.0 15.35159969329834 R  -1 0 1 90 10 10 
842              20:57:05.49460647  +14:11:08.93036909  2000.0 16.635799407958984 R  -1 0 1 90 10 10 
843              20:57:14.08950841  +14:12:22.25374824  2000.0 16.651599884033203 R  -1 0 1 90 10 10 
844              20:57:17.15300991  +14:12:16.97426077  2000.0 16.024499893188477 R  -1 0 1 90 10 10 
845              20:57:20.02542745  +14:12:03.76954456  2000.0 16.020299911499023 R  -1 0 1 90 10 10 
846              20:57:00.31054338  +14:12:47.42487509  2000.0 16.506399154663086 R  -1 0 1 90 10 10 
847              20:57:17.33436592  +14:12:49.64115934  2000.0 16.16550064086914 R  -1 0 1 90 10 10 
848              20:56:48.20284515  +14:13:07.23486245  2000.0 16.18630027770996 R  -1 0 1 90 10 10 
849              20:56:52.1754912  +14:13:23.51295802  2000.0 15.475899696350098 R  -1 0 1 90 10 10 
850              20:56:55.72327326  +14:13:13.35419711  2000.0 15.1358003616333 R  -1 0 1 90 10 10 
851              20:57:10.46693234  +14:13:18.97691715  2000.0 16.467300415039062 R  -1 0 1 90 10 10 
852              20:57:14.74522935  +14:13:15.57623964  2000.0 16.749399185180664 R  -1 0 1 90 10 10 
853              20:57:19.09755345  +14:13:21.47871922  2000.0 16.90169906616211 R  -1 0 1 90 10 10 
854              20:56:51.97251826  +14:13:28.86462419  2000.0 16.739299774169922 R  -1 0 1 90 10 10 
855              20:56:52.63869906  +14:13:31.31430625  2000.0 16.688100814819336 R  -1 0 1 90 10 10 
856              20:57:01.55714536  +14:13:42.50126209  2000.0 15.91349983215332 R  -1 0 1 90 10 10 
857              20:57:00.43915543  +14:14:10.33314942  2000.0 15.892800331115723 R  -1 0 1 90 10 10 
858              20:56:47.54421338  +14:14:38.97591071  2000.0 16.39229965209961 R  -1 0 1 90 10 10 
859              20:56:52.95322196  +14:14:29.32086672  2000.0 16.378599166870117 R  -1 0 1 90 10 10 
860              20:56:54.29656104  +14:14:52.34057276  2000.0 16.06439971923828 R  -1 0 1 90 10 10 
861              20:56:59.58579611  +14:14:43.35461301  2000.0 16.765399932861328 R  -1 0 1 90 10 10 
862              20:57:09.43508449  +14:14:37.54460444  2000.0 15.39799976348877 R  -1 0 1 90 10 10 
863              20:57:17.96305908  +14:14:33.79839877  2000.0 15.806300163269043 R  -1 0 1 90 10 10 
864              20:57:19.18788892  +14:14:47.22061214  2000.0 15.26710033416748 R  -1 0 1 90 10 10 
865              20:56:53.32621612  +14:15:09.38756982  2000.0 16.074600219726562 R  -1 0 1 90 10 10 
866              20:56:57.66429055  +14:15:08.00803759  2000.0 15.161800384521484 R  -1 0 1 90 10 10 
867              20:57:01.16667368  +14:15:20.77074514  2000.0 16.248699188232422 R  -1 0 1 90 10 10 
868              20:57:04.49360655  +14:15:17.35632864  2000.0 15.65939998626709 R  -1 0 1 90 10 10 
869              20:57:08.56975764  +14:15:13.67491427  2000.0 16.06089973449707 R  -1 0 1 90 10 10 
870              20:57:09.20672017  +14:15:05.85586668  2000.0 15.42650032043457 R  -1 0 1 90 10 10 
871              20:57:11.67210842  +14:15:26.98591892  2000.0 16.77050018310547 R  -1 0 1 90 10 10 
872              20:56:59.32258073  +14:16:24.87948472  2000.0 16.784500122070312 R  -1 0 1 90 10 10 
873              20:56:59.64353563  +14:16:21.57072907  2000.0 16.59429931640625 R  -1 0 1 90 10 10 
874              20:57:00.75891719  +14:16:17.84053913  2000.0 16.977399826049805 R  -1 0 1 90 10 10 
875              20:56:55.73414222  +14:16:29.23868486  2000.0 16.493600845336914 R  -1 0 1 90 10 10 
876              20:57:04.70938561  +14:16:45.31570945  2000.0 16.456499099731445 R  -1 0 1 90 10 10 
877              20:57:06.38311482  +14:16:57.93526966  2000.0 15.31089973449707 R  -1 0 1 90 10 10 
878              20:56:55.44193899  +14:07:51.62992079  2000.0 16.21419906616211 R  -2 0 1 90 10 10
879              20:57:09.40620429  +14:07:46.06578276  2000.0 16.48240089416504 R  -2 0 1 90 10 10
880              20:57:04.29461943  +14:08:14.4866916  2000.0 15.988300323486328 R  -2 0 1 90 10 10
881              20:56:51.54939057  +14:08:47.38531004  2000.0 15.95989990234375 R  -2 0 1 90 10 10
882              20:56:53.49574398  +14:08:52.62406672  2000.0 16.944299697875977 R  -2 0 1 90 10 10
883              20:56:56.48231619  +14:08:35.41346966  2000.0 16.85540008544922 R  -2 0 1 90 10 10
884              20:57:01.77996589  +14:08:55.02004468  2000.0 15.855600357055664 R  -2 0 1 90 10 10
885              20:57:07.46300011  +14:08:31.48145221  2000.0 18.952299118041992 R  -2 0 1 90 10 10
886              20:57:09.41543755  +14:08:36.27829525  2000.0 15.309399604797363 R  -2 0 1 90 10 10
887              20:56:55.58024144  +14:09:08.65743703  2000.0 16.10379981994629 R  -2 0 1 90 10 10
888              20:57:07.35035493  +14:09:22.76380916  2000.0 17.697900772094727 R  -2 0 1 90 10 10
889              20:57:07.95746208  +14:09:12.93926557  2000.0 16.321699142456055 R  -2 0 1 90 10 10
890              20:56:57.7866011  +14:09:58.13496211  2000.0 16.293399810791016 R  -2 0 1 90 10 10
891              20:57:03.36633218  +14:09:42.17046337  2000.0 18.36440086364746 R  -2 0 1 90 10 10
892              20:57:16.74947869  +14:09:33.09117226  2000.0 18.34760093688965 R  -2 0 1 90 10 10
893              20:56:50.16638652  +14:10:11.90855854  2000.0 15.925200462341309 R  -2 0 1 90 10 10
894              20:56:55.67850452  +14:10:03.34625654  2000.0 16.048200607299805 R  -2 0 1 90 10 10
895              20:56:59.53722373  +14:10:20.48311439  2000.0 19.415800094604492 R  -2 0 1 90 10 10
896              20:57:06.01054991  +14:10:05.60585909  2000.0 18.614999771118164 R  -2 0 1 90 10 10
897              20:57:13.84314663  +14:10:23.33278266  2000.0 16.257099151611328 R  -2 0 1 90 10 10
898              20:57:14.11705709  +14:10:26.36233317  2000.0 16.17300033569336 R  -2 0 1 90 10 10
899              20:56:49.400705  +14:10:48.61796467  2000.0 16.50860023498535 R  -2 0 1 90 10 10
900              20:56:50.62678556  +14:10:53.79793489  2000.0 16.546899795532227 R  -2 0 1 90 10 10
901              20:56:55.46994942  +14:10:50.72350322  2000.0 15.174599647521973 R  -2 0 1 90 10 10
902              20:56:48.63604636  +14:11:01.93326563  2000.0 16.56719970703125 R  -2 0 1 90 10 10
903              20:56:50.14948364  +14:11:28.05407446  2000.0 15.35159969329834 R  -2 0 1 90 10 10
904              20:57:02.1123151  +14:11:14.6347164  2000.0 16.635799407958984 R  -2 0 1 90 10 10
905              20:57:05.49460647  +14:11:08.93036909  2000.0 16.651599884033203 R  -2 0 1 90 10 10
906              20:57:21.11821681  +14:11:01.36949841  2000.0 16.024499893188477 R  -2 0 1 90 10 10
907              20:57:21.47578431  +14:11:25.21491746  2000.0 16.020299911499023 R  -2 0 1 90 10 10
908              20:57:21.69157015  +14:11:02.22987381  2000.0 17.661800384521484 R  -2 0 1 90 10 10
909              20:57:14.08950841  +14:12:22.25374824  2000.0 19.293500900268555 R  -2 0 1 90 10 10
910              20:57:17.15300991  +14:12:16.97426077  2000.0 16.506399154663086 R  -2 0 1 90 10 10
911              20:57:18.34548567  +14:12:25.23398207  2000.0 16.16550064086914 R  -2 0 1 90 10 10
912              20:57:20.02542745  +14:12:03.76954456  2000.0 16.18630027770996 R  -2 0 1 90 10 10
913              20:57:00.31054338  +14:12:47.42487509  2000.0 15.475899696350098 R  -2 0 1 90 10 10
914              20:57:08.65222224  +14:12:58.07769598  2000.0 15.1358003616333 R  -2 0 1 90 10 10
915              20:57:17.33436592  +14:12:49.64115934  2000.0 16.467300415039062 R  -2 0 1 90 10 10
916              20:56:47.73325475  +14:13:15.26597739  2000.0 16.749399185180664 R  -2 0 1 90 10 10
917              20:56:48.20284515  +14:13:07.23486245  2000.0 17.100799560546875 R  -2 0 1 90 10 10
918              20:56:52.1754912  +14:13:23.51295802  2000.0 16.90169906616211 R  -2 0 1 90 10 10
919              20:56:55.72327326  +14:13:13.35419711  2000.0 16.739299774169922 R  -2 0 1 90 10 10
920              20:57:01.13683718  +14:13:08.73467241  2000.0 18.32469940185547 R  -2 0 1 90 10 10
921              20:57:04.32944679  +14:12:59.55422606  2000.0 18.663400650024414 R  -2 0 1 90 10 10
922              20:57:10.46693234  +14:13:18.97691715  2000.0 16.688100814819336 R  -2 0 1 90 10 10
923              20:57:10.74336681  +14:13:09.74350562  2000.0 15.91349983215332 R  -2 0 1 90 10 10
924              20:57:14.74522935  +14:13:15.57623964  2000.0 15.892800331115723 R  -2 0 1 90 10 10
925              20:57:19.09755345  +14:13:21.47871922  2000.0 16.39229965209961 R  -2 0 1 90 10 10
926              20:56:51.97251826  +14:13:28.86462419  2000.0 16.378599166870117 R  -2 0 1 90 10 10
927              20:56:52.63869906  +14:13:31.31430625  2000.0 16.06439971923828 R  -2 0 1 90 10 10
928              20:56:56.74615512  +14:13:57.36967712  2000.0 17.9330997467041 R  -2 0 1 90 10 10
929              20:57:01.55714536  +14:13:42.50126209  2000.0 17.301000595092773 R  -2 0 1 90 10 10
930              20:57:04.68727719  +14:13:57.78880195  2000.0 18.279199600219727 R  -2 0 1 90 10 10
931              20:57:00.43915543  +14:14:10.33314942  2000.0 18.456600189208984 R  -2 0 1 90 10 10
932              20:57:20.06365785  +14:14:28.39181957  2000.0 16.765399932861328 R  -2 0 1 90 10 10
933              20:56:47.54421338  +14:14:38.97591071  2000.0 18.62689971923828 R  -2 0 1 90 10 10
934              20:56:52.95322196  +14:14:29.32086672  2000.0 15.39799976348877 R  -2 0 1 90 10 10
935              20:56:54.29656104  +14:14:52.34057276  2000.0 15.806300163269043 R  -2 0 1 90 10 10
936              20:56:59.58579611  +14:14:43.35461301  2000.0 15.26710033416748 R  -2 0 1 90 10 10
937              20:57:09.43508449  +14:14:37.54460444  2000.0 16.074600219726562 R  -2 0 1 90 10 10
938              20:57:17.96305908  +14:14:33.79839877  2000.0 18.355899810791016 R  -2 0 1 90 10 10
939              20:57:19.18788892  +14:14:47.22061214  2000.0 15.161800384521484 R  -2 0 1 90 10 10
940              20:56:53.32621612  +14:15:09.38756982  2000.0 16.248699188232422 R  -2 0 1 90 10 10
941              20:56:57.66429055  +14:15:08.00803759  2000.0 15.65939998626709 R  -2 0 1 90 10 10
942              20:57:01.16667368  +14:15:20.77074514  2000.0 16.06089973449707 R  -2 0 1 90 10 10
943              20:57:04.49360655  +14:15:17.35632864  2000.0 15.42650032043457 R  -2 0 1 90 10 10
944              20:57:08.56975764  +14:15:13.67491427  2000.0 16.77050018310547 R  -2 0 1 90 10 10
945              20:57:09.20672017  +14:15:05.85586668  2000.0 16.784500122070312 R  -2 0 1 90 10 10
946              20:57:10.24418784  +14:15:01.41452392  2000.0 16.59429931640625 R  -2 0 1 90 10 10
947              20:57:11.67210842  +14:15:26.98591892  2000.0 16.977399826049805 R  -2 0 1 90 10 10
948              20:56:58.22854845  +14:16:16.84012122  2000.0 16.493600845336914 R  -2 0 1 90 10 10
949              20:56:59.32258073  +14:16:24.87948472  2000.0 16.456499099731445 R  -2 0 1 90 10 10
950              20:56:59.64353563  +14:16:21.57072907  2000.0 18.46430015563965 R  -2 0 1 90 10 10
951              20:57:00.75891719  +14:16:17.84053913  2000.0 17.056499481201172 R  -2 0 1 90 10 10
952              20:56:55.73414222  +14:16:29.23868486  2000.0 15.31089973449707 R  -2 0 1 90 10 10
953              20:57:01.14516891  +14:16:40.5455117  2000.0 17.298900604248047 R  -2 0 1 90 10 10
954              20:57:04.70938561  +14:16:45.31570945  2000.0 17.598499298095703 R  -2 0 1 90 10 10
955              20:57:06.38311482  +14:16:57.93526966  2000.0 16.3125 R  -2 0 1 90 10 10
956              20:57:07.14964783  +14:16:30.70621555  2000.0 16.384000778198242 R  -2 0 1 90 10 10
